Result matrix C:
8655112814767 6855778965328 8321362584654 7460223194649 7288736555755 7454475339061 8417381186402 8553385245410 8162559941954 7517865721232 7862145909827 7819665032040 7391592456059 8181143012820 6660181786050 7496310675087 6789977798944 8259307062411 7628627912257 7232672289858 8712949792447 7743836656454 7674433607074 8533688144629 6935861608181 6794188161693 8000261496552 7254326473000 8265651497343 8300666801219 7875604185973 8428692608356
12161000631362 10773868003196 11853054906488 11471150254084 9740355262303 10571699699332 12253749939511 11805595876328 11193203117028 10898484966092 12042515900049 12353651460678 9941013672388 12112241845072 9656110208885 9577753605277 11342632726584 11600628544669 11502606376062 11798306579730 13241775654763 10468359502128 11601589996880 13335021750109 11041280769138 11624697605181 11975285068488 10695792829810 11134998784450 11804524181581 10969965238463 12251361034245
10368594991268 9657938963387 11354817933277 10334095723404 9298806652395 9246323670116 11129663373899 11199111390818 10227898562304 10097333180038 10458342896752 10638506175683 9449904591250 10849884747527 8383537242942 9214925156209 9652584088324 10759881496845 9698503081529 10756912667895 11072150666168 9920613015151 10448795298722 11631600648991 9382994185340 10038228376288 10142353912158 9246773698565 10489412372872 10369959867411 10495871265762 10933994471727
8784347823010 8943750869470 9186995204068 8650611426471 8474433212526 8088597156171 9886202815855 9980765049711 9291334765149 9593410522917 9318083939713 9967121223620 9206058940269 9337903014455 8102243205752 8852548149347 8343779408360 9310981453740 8979498373908 8858377731983 10037048319145 7879546146508 8899237662186 10387038524030 7786114894690 9056253051551 9722840489045 9901518860875 9162509876015 10164149848769 9014295660983 9462955597826
7915704450169 7269720568177 7856275162327 7737251391194 6394823712154 7537185275863 8236572295540 7970249004071 7837018232089 7909666049293 7782916193111 8130831906020 6772627140892 7955078898582 7187469818784 7811088919391 7574597857235 8295309631296 7997855831110 7994509379306 8561132719122 6953101550550 8129551004708 9351010512368 7391039504196 8001263300792 7983283400999 8203492404672 7516372780512 8719580807601 7563007508118 8368677068092
10857156786518 9288694307756 10670350642217 10186746337712 8779585416353 9683318930553 10952215352674 11309593380258 10346972247897 10062174120575 10358610057033 11101540311869 9304970281834 10021072980431 8928447948148 10223174560697 9343402344216 10514254956853 10193130134424 10722980400057 11589972295658 9572981339022 11273379777310 12093631528433 9786973595238 10412000746562 10052428417948 10343998735170 10236611624821 10982740016758 9930413082819 10747444682316
10430794394177 8986383180352 10456017637212 9584015479586 8504920153126 9229580397089 10576112812137 9722442457376 9383236281916 9146024458595 9904203732126 11060563435859 8487143915390 9875880109138 8241826659960 9039851239096 8665894029567 10686819685199 9409457673296 9513849384824 11359934356393 9016739539055 9645722239350 11226466713984 8705637196613 9350556453109 9866978582538 9230069726436 10879475946958 10669792764584 9114407575565 10715394158200
9289678552010 7836158191097 9319003527511 8764927481420 8207907212545 8064530020338 9479090549189 9574899369654 8407777170309 9007783225390 8520211506740 9336130980586 8702280095258 8886563850558 7712331966586 8057402902999 7502479201111 9057468801124 7811926026605 8746284787700 9662248087473 8589755805141 8554136629887 9926844374973 8657720192511 8212948180248 8672799895091 8258206065616 9179222531717 9413813445609 8980178923614 9544531100141
11413626823306 9628376520974 11218462304787 11630860802448 10572603441195 10128403456434 12363873121174 12143356071254 11450436953306 11027767978951 10460982354199 10687169259334 11199925439297 11193735521537 9001008015956 10645728133358 10000335730956 11276660816648 10425801579891 10876110212126 11937741060449 10910029395405 11399853785544 12373055529770 10023150649843 10472439007454 10680413686600 10637039050806 10513459217139 10832518282408 11267253198098 11796372584148
10865356823722 10188454286326 11010526211627 9686749198089 8520045388662 9511127384112 11212725984797 10743237912100 9553736866303 10136482308087 10240728146692 11251601245910 10175976129280 9985976232393 8714894078824 9776637484137 9652189695361 10876427000880 10086965548498 10575536799063 11357767744246 9604621356035 10403381105320 11778230193418 9547161822788 10252524589706 9910660387360 10318082589605 10834246962069 10893398896189 9427518755625 11558861408599
10186070891220 8759232868170 9814111575662 9297497494123 8003926774507 8444048314715 10152539190566 10107653689834 9124591806173 8949890675802 9788297078326 9735703456136 8186992604907 9623353437761 8339760580163 8255625949278 8197736602726 9537319598631 8727505110095 9801022898450 10768233233748 8580517998931 9309117262236 10004535199986 9414447220971 8770002107847 9020122426998 8147240398746 9710848559005 10065820056977 9684414788362 9760720962986
9494078272947 9122961383191 9488782400923 8935173373956 7921773034057 8493271482437 10199459782953 10153969686780 9288337419695 9336318477944 10041894778192 10278044052787 9063476303494 9431225385741 8018573242808 8909004334659 8318857477971 9181439882075 9471295348891 9347555783569 10737969746988 8669942108572 9202527777438 10607076151844 8445059256190 9244094634150 9826909458825 9640913134192 9092497441236 9942860240747 9124408116093 10070958051374
12692768033173 11229126217255 12665058211310 11841347193501 9814705981834 10886973596043 12386251502493 11845198375887 11341042734602 11254427225371 12172225260187 13023642704389 10357112255953 11972810072626 9811289401433 10849319720459 10861839827656 12387360343831 11399689678779 12050326357318 13112442777024 11460758676852 11784245386714 13054659298036 11304117082572 11869477615654 12293160223653 10618509834291 11887797072369 12463967988756 11260900043891 12745497425333
8788776603667 7862766592303 9172930618557 7678567614177 6955588536449 8699599179060 9261431600605 9091055169177 8040231734618 7940890772084 8591044068068 8123730784260 8511093441490 9277156993521 6666454862626 7791271065340 8329353208901 8211470862356 8401130543796 9043925118380 9953009082267 8023916750331 8880067625329 9733705320324 7757514935561 8491637652333 8779510648797 8288048723658 7390794204305 8675414781652 8218320054195 9186620340893
11907768921814 10850357209738 11049099319626 11259821284389 9922338725847 10270090004506 12124096247109 12230814553655 11651131624467 10721527432958 11780972927873 11474034010365 10068070204595 11800988495847 9386187007475 10474111997675 10368028889814 11460797962872 11322171925866 11765440160397 13004464922538 10654490842877 11338172241671 12653577435294 10424147953963 11030825150684 10893052482229 10902973900903 11101460850673 11574445424780 11249113547165 11469047170884
9635417638901 7487303343949 8761278694038 8700962557689 7628428556474 8556574042032 9434442550787 9100708392919 8514179713714 8758667821721 8750245713334 9335134788245 7910105795358 8958678072353 7925586384071 7904992024969 8261550397461 8821395460879 8676488471584 8905941770694 9885058838838 8130821803659 8916747346888 10262668224000 8715821610963 8706785154476 9014002120120 8427999189973 8504210378210 9250702196240 8842839798239 9460340030345
10421587842974 9923118513710 10290272782355 10141786909677 8409726061251 8530475913478 10975859611514 11076236044373 9400288823473 9809184805059 10645516687326 10797167932718 9336034653797 10417191617395 7819202756508 9035634750073 9062053847104 9955298486095 9585054150661 11277556283830 11403595413607 9287436790760 9937623476107 11078381623776 10299992003699 10226232262414 10030965290291 9052719611667 9274100077168 10362454933499 9881379855189 10698029586677
11298371232823 10650971484050 11509914370606 11062525060618 10370488962409 10350714190565 12544224035160 11838993079365 10771315747512 10953436770790 11084693537413 11713252864537 10807800987582 11717475336853 9074788444596 10309218017229 10056300993101 11502165655912 10594669624396 11396315192758 12425601203968 10256610157116 10817357384930 12918020068051 10138434345803 10770506934040 11117038920056 10864612217244 11068862556206 12055115870477 11189454863081 12236193892147
9583317921758 9064844660884 8672791525947 8989733354748 8341112369217 8821374662722 9818317927799 10171334985921 9643201080975 9484568562096 9606489715256 9403707712762 8133008895208 9490117297983 8054527905137 9063884754901 8509093096648 9989683627219 9725259689275 9517907705773 9918710300876 8273884558270 9277436058184 11116319414308 8273495473783 8900891778215 8533105588786 9610683624665 8926068209098 10010525181189 9239087390881 9581163132368
9329052672948 7859884664117 8792832102712 9037888901759 8060273707625 7946774734659 9669454151328 9462818833830 8669462634657 8888539307645 8696338035223 9465305150763 8426013343714 8923407556472 7033921911222 8120334994822 7988892879889 8656964714604 8375449133989 8885913543091 9580345980171 7670869057964 8835184337913 10089274817380 8326797138698 9029471697261 9227476614123 8488611473572 8369046969404 9374844358544 8146451081328 9336220609750
8632888649551 8478110854751 8443987843859 8714302439725 7902755769610 7272081647536 9685613189262 9799717715100 8834224285719 8514851204039 8737710750529 9274933806841 8263673494292 8721940799508 7384959012502 7700844914964 6999670136922 8469539166847 8137589552378 8668518782994 9455429682320 7705905362560 8689849574446 9716159389335 8003810552036 7772658748751 7141009803134 8442414667062 8406879809237 8929691464642 8305467843292 9158756831955
10563892977904 8855877204260 9721267415785 9525005615902 8358995869517 9244397490703 10486565178827 9892862834751 9601469635081 9072560894540 9188239949443 10245726447632 9007736655314 10108001616909 7720254732161 8895641235014 8472750947233 10257744034198 9184929707971 9466271354105 11201156651442 8856710755483 10087531876790 10694806142718 8562333186159 9256535158946 9301924081051 9015301329094 9706649831666 9872220118287 8582010061695 9597253901524
9601855811388 8845358444851 9236158951579 9900925648065 8651970994076 8042892237295 10360734264246 10472087553440 9791509567298 9345543524918 9357616021613 9478325026155 8508467132239 9279442582199 8041887197960 8398457090338 8748507273109 9669632819288 8788441879793 9924549774378 10031580104671 8619509714001 9925506586898 10162153092779 8868008654768 9550326685225 9292341066298 9080679118104 9294593780842 10458423665061 9621331529635 9707238917592
8917265765936 8264137311789 8499253071442 9453876751733 7422392691453 7367207862483 9435489295946 8821844132843 8628146804897 7708236268456 8984774351733 9096788115307 7805505508528 8601651812734 7091183572197 6852047662031 7755614889935 8125499183915 7670458740320 8411999228115 9401273032791 8552008064175 9056414837839 9033500019738 8587228956505 8236748958664 8084763783129 7790747894673 8305415340893 9028540732607 7674336118174 9038897164878
10642178747618 9837920686139 10669837425662 10319154654601 9660676650847 9285940196148 11168043401347 11034894487542 10336446737792 11108339069481 10231552926572 11852063149643 9813495066965 10240921969836 8982664757638 9874117256947 9528452272399 11032543273359 10085970256693 10662321125829 11574970662627 9940122982031 9972996516132 12477770069211 9902427186091 10309213868724 10814478935666 10227505045615 10811983476365 10494199129192 10648589636495 11523881808390
9065108255826 8402223012983 8735768329907 8551431250830 7807560509191 8095140572582 9607875364242 9336878749423 8536009867837 8640695634925 9100576707754 9386772764054 7894108578468 8634974487621 7682132003194 8327918195591 8099935797226 9218761079806 8663499318929 8931646276210 10158696722889 8392244013470 8835354479314 9973724351149 7996257625009 8679186139799 8928509300224 8863266655591 9320347481977 8935757766163 8897141904813 9474996177354
9180759411929 9164511963448 9005798978156 8815486605170 8708530919436 8475004872264 10329124771138 10501911718588 9213226597936 9499928415274 9204769921367 9570785076781 8816403714180 9463566739397 7567612118032 8329415009240 8912784154212 9467184244694 9285770645575 9889927495893 10077937531310 8257701437099 9508660686856 11061448925845 8604061165749 9454760953694 8891941674240 9337897409076 9087191248036 9550220926275 8805063594071 10144313860546
10549123291840 9430984523875 9862305984450 9258445895942 7815963076350 9691887160616 10714408927687 9957432414890 9586222079235 8896164653740 9795552162661 9777820584575 8616657407499 10449230826196 8323497115388 8792502991233 9502342137502 9625758318338 10231903197658 10077446714544 10789225961177 9058094320725 10262071639714 11394711114296 8753266251003 9432933923917 9086150496753 9304117545236 9001569220554 9990933399082 9654415396295 10399271774860
10712174825120 9313192375672 10992053022835 10319588477045 9715897600805 9423982340002 11820399080968 11369724203978 10190436221542 10650019397038 10520708996085 11372735587947 10458171455109 10299690994275 8721168973912 9926990165756 9358996054846 10555701263713 10060132431874 10124983642642 10768086712226 10044470709125 10579919604367 11463923126011 9584303321094 10166769319942 10513381556132 9909073272614 10892935739777 11536190433055 10366591821495 11756272363746
11448176121804 10533774970891 10787192834055 11089546977267 9487024158390 10134465562642 11859618675744 11351997524304 10937228543922 10880950233441 11000452669612 11116543233304 10259100825331 11004770436599 9506181282501 10215988204340 10654469860473 11056677039467 10667377764465 10950198073324 12242731447982 10522682909059 11325714724350 12282075480448 10499103718601 10805279353263 10583847016412 11452696336819 11036293756646 11253842208165 10156021043312 11954197323315
8377151479658 7278258374587 8048704915911 8405073228378 7150689666703 6982521261118 8934609199223 8188552555735 8055847649604 8048765718420 7945117972891 8559439054675 7590058521976 7793777181257 6733428395393 7808773453699 7845578404982 8868641723530 7948032281350 8050673372282 9259591297324 7743667254504 8625358915137 8892517108743 7095617783569 8607991618334 7771905737589 8510020600731 8571354080484 7259847084786 7907694096055 8589480961291
8977472281347 8788455995042 9035687412160 8478606773958 7924519129219 7265193938078 8669490111942 8981976222825 7701133430393 8897692324833 8548434830931 10383289581790 7997549238762 8410461014933 7081802398772 7643023162805 7878938913424 9336662050350 7860013129079 9354934032402 9516448961950 8169321468574 8129511736135 9974767846751 8897305856576 8007625133585 8960856103141 7984914224893 9427895234005 8998895361111 8231837233875 8895762093335
