4519145299541.999023 5478966624464.999023 5429967477809.000000 6470648302911.999023 3970216351701.999023 5934549426812.000000 6140510259133.000000 6312762941792.000000 4471517088960.000000 5849988774668.999023 5704446354565.000000 5770382210621.000000 4049252471680.999512 5211602530548.000000 5581966472216.000000 5694360152636.000000 
4553890409757.000000 4983702979532.000000 4798350449990.000000 5225832402421.000000 3614164829947.999512 4935482630569.999023 5281228601852.000000 4826751159505.000000 3553171716745.000000 5081246457556.000000 4759536590238.000000 6001334054864.000977 3975695767363.000000 4950579020907.000000 4722650636171.000000 5522275604240.000000 
3485850558633.999512 4185894935004.000000 4263677473443.000000 4876286948418.000977 3191535230135.000000 4819599586811.000000 4454656287739.000000 3945756242464.000488 3034428589047.000000 3570357496329.000000 4180887753452.000000 4579858598511.000000 3150231634217.000000 4287175952823.999512 3770315950771.000000 4071372346396.000000 
3875760663456.999512 4034452729836.000000 3503916612285.000000 4354632228383.000977 2978061095323.000000 4308173992707.999512 4252754068440.000488 4015644773914.000000 2912087141321.000488 3679900772003.000000 4083129454137.000488 5692249094564.000000 3238628443506.000000 4615843315236.000000 4135839200435.000000 4473216906380.000977 
3751859821602.000000 4346685427699.999512 4000542190838.000000 4737505944993.000977 3108693538641.000000 4480991720421.000000 4841672017624.999023 4589544551559.000000 3401037474888.999512 4140050478857.000488 4392511513307.000000 5111345153454.999023 2816277191746.000000 4583307999803.000000 4618441017290.000977 4655213074598.000000 
3303523060020.999512 3959695384112.000000 3961121392875.000000 5004517606570.000000 3020059379607.000000 4843948490908.999023 4555702342698.000000 4734525417260.000977 3495384958595.000000 3663802666928.000000 4376899016867.000488 4884937319170.000000 2839308478246.999512 4732386681340.000000 4542980714859.000000 4466010932305.000977 
3503997971102.000488 4692529533754.000000 4486974553547.000000 5180150509649.000000 3662131249160.000000 4551269154446.000000 4327194709766.000977 4250111800759.000000 2684822615737.000000 4098749667878.000000 4680363910918.000000 5230004929017.000977 4194462419752.999512 4774789437532.000000 3927107758645.999023 4737799186001.000977 
3544242087266.999512 4432155858426.000000 4042540993830.999512 4793414783433.000000 3141935430175.000000 4367545547111.000488 4895848674089.999023 5041667016027.000977 3680374274917.000000 4709057590178.999023 4732856643360.999023 5161613126918.000000 3289496054737.000488 4820549228513.000000 4875631702086.000000 5069766217828.000000 
3816910516950.999023 4647036533761.000000 4613177294304.000000 5218613043296.000000 3404576308306.000000 4878326444727.000000 4755497834718.000000 4962124409254.000000 3384882706060.000000 4904316799878.000000 4631650014115.999023 4967696072381.000000 4080346497753.999512 4271468801014.000000 4038983220298.000488 4697689303738.000000 
4129528192704.999512 4823068587911.000977 4038394882756.000000 4995637178827.000000 3437188857513.000000 4117269119691.000488 5055029211898.000000 5364802001948.000977 3544019052866.000000 5454071732580.999023 4843691048356.000977 5568183745538.000000 3554614684006.000977 4613722121409.000000 5026923425447.000000 5331825411794.000000 
3279328597760.000000 4639566217963.000000 4990121381747.999023 5517305391366.999023 3417535643684.000000 5044159056359.999023 5152608357522.000977 4968345601190.999023 3915485558991.000000 4745444580501.999023 4593110766226.000000 3976287589642.999512 3222488763827.000000 4183160330786.000000 4242056547711.999512 4770291988723.000977 
4162517480842.000488 4779324947630.000000 4665122475997.000977 5480933069511.000977 3904220740957.000000 5045016501904.000000 5177582571488.999023 4736217423210.000977 3531307023684.000488 5303809122508.000977 4864510789127.000977 5723496690727.000000 4056408417733.000000 4725886327855.000977 4693059715350.000000 5256210082680.999023 
4338069752248.999023 4752890673178.000000 4216524379971.000000 5324845875514.000000 3596736911338.999512 4802102919732.000000 4958246961865.999023 6147485970337.000000 3929227835246.000000 5790268514807.998047 5135567698281.000977 6087467304138.000977 3880376691341.000000 4880613136994.999023 5440544814376.000000 5482158427257.000000 
3799806364867.000000 4729736391559.000000 4883415187852.000000 5201741773380.999023 3085992671032.000488 4603357546511.999023 5072535076305.000000 5272348434096.000000 3618870556494.999512 4905811168552.999023 4771872046060.000977 4821528389743.000000 3747411678240.999512 4417834251516.998047 4192464579135.999512 4924895611304.000000 
3532834366517.999023 4859175514312.999023 4504253900679.999023 4999956890769.000977 3568835703253.000000 4332632172314.999512 4898413678166.000000 4540937458097.000977 3291039563100.000000 4623313344165.000000 4629145731357.000000 4785268445863.000000 3402958753017.999512 4617472302564.999023 4528995070713.999023 5113466663786.000977 
4069533817446.000000 4451660734107.000000 4452052315902.000000 5025033559864.000000 3107689617077.000488 5026282821604.000000 5244923938367.000000 4553346590633.000977 3872582848296.000977 4599337441174.000977 4398211467214.000977 4884946731247.000977 3183013317402.999512 4366222102245.000488 4191225384164.000488 4341759283618.000977 
