6509234684826 4677128947621 5958481513528 6620280473558 6487904856836 4510818648382 6143585410520 6876244139511 6211446346110 4104357390850 6307665718043 6100003734430 5721258222040 3935228730171 6689596866098 5577553693721 
6217359171364 4708114846597 4931040476207 6582245236049 6026493796491 4807495095622 5560483031972 6636368458511 6312895447763 4469989346302 5703534422941 6205757155360 5856426232603 4249680411365 6702729912826 5920022634566 
4475713156925 3935017043657 3558119366657 5475315039884 5224788968819 3690646543801 4260567758776 4771671359716 4864612014453 3524908358216 4728942803732 4837524685019 4946505787531 3423107697758 4996468803222 4950838239033 
3774178473508 2752418187903 3369591058068 4234902182237 4049234768096 2821190727261 3784010906818 3835689377013 3761720240426 2792350145703 3600605145513 3785368829556 3821799195925 2779489846802 3942165712105 4108889508869 
5265264759434 4136313843478 4791262822344 5946762192308 5422540693704 3861091093562 5058666152551 5569153306000 5577138262776 3822654806109 5408010661902 5154589666641 5135399040433 4040480605059 5684961048282 5524400500373 
4067555236160 2598899550316 3760124985456 4303808272178 4069356882944 2879781057181 4122860178455 3850245801564 3729889614283 2791727289177 3945852960664 3752830994274 3413164661575 2793561546410 4236389188625 3839134773838 
4327176483215 3415285168760 4355644185939 4587761771160 4413197805633 3256316312613 4468431554659 4600282925066 4629744213604 3029877912137 4509595519610 4655229965590 4236283359159 2966026459584 4708482478078 4545365783903 
5239349589339 3659007680321 5408745391359 5414465721691 5681593835666 4034027104255 5233578772903 5435979244475 5105181789652 3802580302029 4957081025531 5801884964630 5269222152076 4109983249939 5924082483339 5565847462039 
5274380743530 3881069851474 4840467548858 6022724922460 6490329096001 4036246826329 5892318247618 5938227726847 5380458089763 4236462404727 5909713274325 5460519856134 5036664288957 3711084509442 5745244616222 5461130418717 
5631039838877 4374660276272 4650262117853 5925508560061 5740136098134 4216176967513 5266054164871 6209920281587 6143697878125 4289608173641 5450021118998 5763519333522 5712670371937 4159073023135 6153672700575 5841685412496 
5877566816898 4374201363162 5910752814262 6684605037533 6463390679474 4526115765833 6157286044811 6311807523319 5934405345104 4375458388323 5769782142400 6298786549184 6001390664396 4500872932110 6569658072601 6064323105004 
6034090346378 4558813000910 5680363276854 6670920063497 6390886603472 4539660478797 6333446492404 6063787194049 5996009641985 4389381218187 6411261096022 6195856605826 5763905093464 4404200172072 6614238235666 6394811990297 
6150341784399 4474640635149 5912940708262 7027611713398 7048999612812 4384979601971 6436834752633 6547030870962 6403392232008 4712411041475 6605611984210 6312614383313 6163876833836 4899855293955 6656377523745 6753195582707 
5886963863494 4823891492997 5401398121088 6552868632868 6665566254034 4787374829263 5868800961078 6321663006612 5997358311039 4730987535271 6424867129434 6333619946181 6431893499348 4560861993841 6645010174135 6320261442592 
5605612273638 4285972103849 6198048310097 6113938914544 6436910666157 4336040956793 6022595336933 5984784580258 5396383088245 3952106178477 5540638052760 6198062317038 6327073139283 4121670191298 6112196426698 6066429208109 
6128874456205 4380200162716 6093776222272 6329119773573 6646912755979 4692341352470 5946204133075 6446618067587 5685344387676 4361820363671 6284340905432 6427529083582 5763941434262 4140770051321 6577078592553 5762661567020 
