9345970440937 9267139954028 7781554945551 9486884099376 9465042012377 9090044749471 8900343733963 9656560479913 9307992700336 8769540822663 8897140288371 8939135910438 8833657853801 9158224557585 8281264833089 8829803044133 9758470469144 8383700062636 9114105947659 9227726154685 8729694104993 8503390107901 8105068205481 9474166162306 9471317631478 8856178589554 8437730515865 9104839152743 9787645600072 7772183828236 8498458441076 9102302654875 
10147756015374 9612139288780 9834451491269 10490154125166 9899192778676 10171399515204 9842791173627 10925950011574 10653376708692 10452047041948 10614752410407 10481252681522 10477068267533 10306042812012 10665484222532 9743471648476 11026926363646 9707788471857 9500865386841 10728774104716 10873320915179 9487111613529 9328126979304 11056815671544 11196620999089 9827020573246 9810634636226 10173395643835 10244303277382 9497841808505 9129985970208 11005953941294 
10501149920735 10097275360295 9758896101285 10786935030642 10986710870686 10901521117225 10515014917971 11013622529910 10440476808842 10934995428106 10212643004800 10973184982095 10764816146575 10330707540951 9811999542056 10305580668125 10794944745513 10403474762848 10332731117757 10748230848140 10591030224450 9798471530337 10035968620796 10668476191963 10736687618745 9511620786755 10056389268987 10492098416774 11344846442912 9763375372232 9585739337298 10839187027022 
11187804334377 11131846145050 10202609219143 11206389346465 11225447229003 11274670188167 10738938447881 11508856898320 11562723089776 11404433644065 11262862494399 11614020614070 10883443806768 11753712917465 10780816235019 10908630804635 11700933373417 10723397808912 10778777947268 10978148140401 11662011007617 10323439975385 10580465060981 11770062456166 11665338445763 10804954097658 10065048313294 11986687470394 11545844587606 10345726957763 9975363335948 11502360842493 
10437048957410 10846742188617 10050425678185 10892414888238 11029347663582 10762857831016 10985543773102 11221748288844 10644804740368 10501633856442 10418628702958 10326801018052 11488543993425 10920401887358 10503942023469 10611429099728 10922417944928 9694352426529 10471034442802 11282651769599 11000500150529 10160040094877 9694432276872 11445376774055 11643685674250 10282437959535 10786090979960 11486028081785 11236630329265 9957542157902 10151679487581 10878978710364 
12237161415128 11467835765877 11501110807172 12085049168017 11988463065377 11868196900599 11122437322191 12598092787876 12663430015101 12478431685264 11637222153369 12191957507166 12119091730965 11961371305824 11413640130308 12032262724433 12259038649296 11689513165489 11205178418533 11396507230333 12012039344540 11127232826783 11107035415893 12218272397551 12618649242815 11129597667267 10956871369220 12399580696966 11619063973585 11694399930365 10709828921032 12179284476797 
12220188148645 12123502352676 10728270388221 12609841610421 12488017738492 12795909037123 11912737688364 12816067384011 12272830907114 12475204081781 11700410515327 12653828956886 12745527950440 12576665693371 11771548799500 12262399742072 12746580479069 11747246560294 11980259834310 12202444890099 12813329877108 11378291228015 11068097517866 13182907728006 13491950041151 11963901015918 11272674411269 13407975254838 12815437483819 12013258845494 10896521269722 12603991785731 
12638954515521 12211171502266 11733178341066 13320253089035 12453117130412 13193005488504 11980103517393 13257132829596 12759151375446 13115438358058 12497860637598 12373821077728 13225446703306 13089441886732 11983777808999 12471628903021 12933505899260 11932922123457 11063979489482 12579367093223 12792054362884 11902199266551 11539929149450 13331917151987 13123457008278 12089082683070 11335292488388 13668168872311 13067983603049 12532683113417 11336723076713 12877307657250 
11319531226424 12169279259975 10860323469644 11892389465041 11861667775740 11476240258493 10884095595507 11901392576602 11935183384275 11888640868634 11625330744716 11780642953665 12417944345233 11895391916829 11141230236986 12006902494923 11928544126368 11202723904178 10697661903865 12449474151443 11838707944639 11845590372955 11096646086973 12499228762706 12226273111719 11330691429864 11139860166844 11878100549722 12124181828949 11912411926720 10568159881399 11748297306543 
10974783242678 11520750638670 9972450133620 11559569256433 11336605351597 11500949711926 10822284551029 11440084795815 11096002809757 11934163394381 11089608597614 11316167027813 11844428015145 11710207667434 10432739073867 11226134825625 11121624916701 11465819473657 10312270113990 11449174372017 11679478019010 10656172635215 10341913307854 11454420361372 11802189079435 10500697210669 10619082194319 11949495149079 11816231027659 11055562621275 9672352008937 11748527229395 
10611865265602 10869068786879 10525148883683 11327684251977 11152308489182 11331041942597 11006972905471 11180301119129 12064428535300 11582733127819 10597899732528 11303643909263 11792893749332 11675749323351 9666497554665 11250486876931 10811241411781 10828510747005 9567889564847 11115880589126 11270594316865 10383037277084 10346020596346 11396763275712 11147725407118 10945165671244 10075358603305 11400137373214 11175610509464 10969688270353 9465269693868 10821110334835 
11367405377510 11638880025442 10828768126393 11869270341005 11571714041113 11454662073810 10557301522227 11418263511145 11906402284353 12068548908156 10544808721006 11412136161612 11986048041225 11924236798694 10631537955918 11733555136436 10803361701345 10721397930101 10860329141759 11634967831602 12193241642877 10920988511094 10999251354423 11782055891649 12745061719619 11372429166406 10457263599358 12139699669158 12327412633982 11635879779787 9444082466563 11792207961851 
10365659369960 10931276895495 9816781946729 10646799225597 11328787594030 10528879283052 9897655874373 11090646769302 10496524794241 11562404621189 9769105734601 10910309191262 11353087507831 10865731999249 10144512437174 10987852900655 10635170578653 10434701488685 10060714031918 11601382553346 11442923480493 10818171573769 9903958563828 10072897408211 11268931778809 10291777100980 9866052997463 10951588203949 11079204891637 10397158074657 9061879137441 11599417992661 
10342391466802 9862200266500 9729682689303 10048039353342 9966996117092 9711645256139 9462453487539 10609980508842 10025183695126 10883618132085 9772544001040 10416400575503 10615755220903 10544361418412 10046163744374 10721461935180 10049170407795 10254331020116 9090266019318 10229767367317 11015144683973 9977424390498 9382002264538 10272410901730 10539501985528 9705299526595 8843715337921 11288416430286 10664100864604 10074599988739 8422528896792 10835136337054 
10237242401196 9523796923125 9808738157214 9914197653231 9791213879590 9992330346632 9072603279765 10514223131705 9747629059817 10390823532661 9023276450327 9250395484723 10203808751789 9513131485593 9346842371812 9418746704843 9672545546777 9179894131364 8822286912324 9124220312641 9669768661088 8684359503097 9049080247394 9893295077302 9822267669232 8956270247162 8574142642606 11024703432321 10002849306540 10231856367904 8514021877296 10139245226678 
9025318862537 9617741742353 7772011487320 8869038415664 10047569663462 9184520336615 8485319480163 9812101448756 9005823246659 9691038799555 8537462521758 9705691783826 8985058243543 9023723807750 9018289754827 8504682701112 9692192897085 8472283460120 9288991798502 9720795200102 9915972309200 9038912749552 8319286246057 9751676102544 9387193449125 9177665914286 8557121650751 9625737013544 9805816107929 8608037181950 8023532428628 9093141594137 
10412691504112 10786436784597 9900615431924 10702161536327 10283269802556 10292672936899 10021265538079 11468183642740 10865452751943 11250896799167 10653641680480 10570847138050 11049225037718 10728682534839 10745907158914 10133370929110 11326735905439 9918046323845 9403942653487 11422610264442 11493526302899 10307570981098 9024431740831 11018981011880 10897809518106 10518828306895 9762132621100 10693735631429 10335385053882 9619340157076 9447286291897 10923097404559 
10321686307087 10800246370605 9555977538782 10243380781485 9849823813656 10661680267468 9405237774600 10267857744130 10224196844447 10328808548240 8740197631398 9488712560005 10669715837481 9911667017714 9283332864996 10340792284944 9908263032715 9703771860565 9112712167407 10469203331757 9742905372580 9688169978302 9169909586171 10644425607801 10659820022077 9959588770768 10141353318590 10372903489975 10240099618819 9772383747766 9511963595498 9854710714470 
9270817628464 9322046599493 8703900501905 9395413940717 10326526559535 10289206184431 9145845083072 10346654358732 9689850990696 10359733938302 9320956563883 9822701508719 9011989003657 9968231255491 8643377320268 9186237738902 10012045263114 9521479829586 9265659863007 10354101133953 9960211825339 9845727971445 8731864674263 9735290083061 10123710553350 9434866389254 8300888415992 9075188217646 9862909010125 8453283560466 8327859163172 10323506921826 
9307764619844 9735823074849 9202695619148 10132782564222 10094002961626 9856714151052 9828816770390 9406212498916 10224855413341 9774554012041 9361833642111 10426928617554 10309894086808 10691817238647 9932683723052 9681624428727 9941065315938 8916725484066 9409099642576 9467261671662 10504158019770 9589758963648 8780166266308 10520197366530 10546571363792 9778202581809 9169541331500 10020525293452 9281323684830 9330967426955 8638934225593 10416583965402 
9552432143656 9078918899195 9187430520040 9780209420452 10433898367781 10313230397267 8921116557411 10656232848124 9169211391897 10350075918125 8740895326593 9607714218052 10342317056683 9781114123987 9046203086202 9647417489902 9754876432083 9492136665100 9443895076427 10174082708649 10006207086372 9288528291781 9164001138198 8991134097213 10446312439861 8763285100020 8968128529262 10397749270066 10254318875064 9525672860121 9054849931281 10316790540995 
9106746391223 9639638322124 8511389268870 9670921987236 10157275152286 9538061881183 8533246038357 9306170508215 9473292569755 10171401431816 8827595048079 10503503640068 8875441785784 9464205709151 8674669680738 8714455892186 9659549209051 8667979144792 9083452659250 9458585200767 10284881223266 9535853672221 8572737849402 10681486898074 9580735651077 9301259526326 7833784543292 9530170702757 9821729354217 9008547170355 8326932332835 9739452536413 
10253011766143 8921983403327 9085669673796 10114225576808 9797859017263 9870848482205 9066021677364 10183395574969 9707595880555 9556706665001 9980423162812 9967726923751 10078553877562 9677248536852 10122506916879 10123318594504 10001225839204 9966092719188 9503081414311 9471519737616 10538474371087 9103429148030 8771334336333 9548411422170 10071132608115 9671319231253 8476665326249 11066818087989 9521221488067 9297525955082 8619564026782 9880961708220 
9230468392678 9569104020511 8269671448679 8801511504063 9799514618443 9158955793020 9024344563277 9694049182000 9164354587088 9759943812359 8905064999752 9980995089942 9308869009477 8590352231350 9509294760498 8976974656085 10383999559306 9046766342549 9125947018784 9630908576689 9810156124802 9342422366428 9022903636381 9364910029036 9382388271042 8010405409103 8992363241891 9830614612923 9714177304491 8522984116792 8903084030152 10295311177404 
9878777902689 10354578593341 9060737814454 10547554084580 10371225488937 10416911190170 10696525655693 10892305641805 10749393835003 10967780141637 10533816062681 11020933714033 10513144522680 10712502310205 9793189547934 10456558856523 11776032554295 9981075352886 10179511911512 10763841236302 10676153882456 10064748315343 9211964045168 11556316483611 11632362828168 9847369479854 9805580961176 10918617628133 10730144338705 9748429669477 10117253675083 11194786230987 
9810198070547 10318133656237 10148909616007 10962544937440 10641935593062 11113030068020 10222548462888 10266162812961 11026019262563 10671381728688 10042745677475 10229173634943 10856191722079 10641817269548 9630154055269 10527274221673 9824363218918 9615211270002 9221994679593 10884683560488 10699560156049 9908902596415 9958110688874 10741971797950 10718270889867 10529651202543 10471061860042 10907325981948 10578945253084 9628516566539 9150347650519 10739569590593 
10482714442509 10084132865493 9271144780287 10285119848162 10364243179978 9748837773652 9903033809474 10414890558848 9972551418533 10163695183123 9919661074703 10152614973394 10361085201194 10447737682467 10425261325071 10458558131045 10401221800102 10008938848586 10161983575684 10857735916050 10398293334086 10145991528453 9484385620398 9786480848030 11279642712206 9578354677354 9407968405038 10410734686980 10396641664177 9425821719572 8477280462340 10854117286250 
9426104255517 10812685494657 9363969592861 10178930642077 10224166742637 10144658191503 9196763459972 10131683259154 10278788274268 11041309029974 9626236377069 9919509795524 10463449015079 9775710837522 8952533850944 9465807746993 9957084444967 9219824504668 8973355600265 10405372134751 10604735640984 9515621334262 9330016918857 9988423749858 9578624587105 9283688930281 9526475364166 9943921201847 10146887959840 9390878768535 9252118992642 10313080540619 
9120372594876 8909275720707 7837504566625 8531913274122 8622473832329 8565697125541 7864792286104 9641616214452 8600779550816 8931093901073 7969086523602 8733439047450 8965606124814 9034139783706 8809976799270 8116191615542 8876943186874 8565633186763 7876261579240 9421507445553 8854705631833 7676820858168 8346898679097 8234067441994 9323097562047 8299163051309 8436813629579 9296122208745 9744872646609 8039493243971 7552151950551 9507781664441 
9252738867196 9876195577709 9028122212300 9410288406597 9464189379032 8624339462498 9107955634324 10211560701557 9985979319190 10134823158259 9193885690269 9515620259629 9467433165041 9693428924216 8826887125868 9260040200859 9927666459302 8744573047191 8533954453284 9732911050271 9793306579082 9274618604113 8049597307186 9995263863935 9644581600352 9130673573743 8634270889653 9696235929984 9598579899053 8778719624451 8353301498569 9471821014214 
9272410361646 9300971894589 8360478582305 8710150621709 8991384338969 9008920248216 9033889248621 9072114609843 8865718889610 8917826690378 8200744123852 9295713821275 9782589122147 8738741797278 9388443627997 9109281557136 8885650234571 9000835263586 9009700944875 9420551392209 9388619135867 8191468520206 8279971895344 9229479420557 9796930356566 8913686641216 9287115395477 9924068673702 9647842072623 8871252549163 7792487403134 9595595536160 
9366764429064 9036104391120 8597308242948 9037999300768 9180486642226 9248086104170 8852769604921 10223666397606 9236135753496 9711551726560 9554916985273 9025978364329 9197355621653 9891598842887 9339492153625 9173484786695 9788069768995 8780765497499 8540426753360 9197921632859 9590566071092 8968148059343 9035978762866 8860132682645 9799578104552 8097866586661 8195196540261 9943449229664 9688067971116 8155530694918 8653187016142 10273971101157 
