100728 135407 730222 378294 379655 703062 236471 219172 751153 111410 297838 507949 793686 549254 329123 330492
832459 824591 688101 640286 662169 374003 571834 953749 661679 336577 907717 641366 632395 936205 525732 301069
239021 792329 590203 601877 544997 514775 737569 987534 337665 564980 835355 820134 407877 635745 471133 559656
335315 347519 410009 995354 705260 809342 636054 379732 389163 948857 904731 386510 322252 144402 891059 867928
472166 889306 696434 384741 152005 815337 450364 466698 793539 620381 408015 335769 847144 633091 141780 798211
381849 259856 427609 440564 865514 535635 828015 314816 670735 897561 337903 852585 591848 142808 810563 502652
585570 811333 274813 396287 618288 183114 819609 287067 702919 113822 668861 371460 722822 896027 652935 497366
640554 427646 331496 525361 731714 461581 870172 209441 379938 427291 628698 969073 277878 776339 700200 571031
260423 854121 426269 538885 531562 938000 173001 916121 701125 142401 199984 936501 910731 407650 115500 912323
536312 939498 499151 361384 360574 348103 271528 582061 581748 259144 963649 779309 656453 744164 585866 214844
683050 611044 989840 469712 489769 872720 537428 274700 678784 639711 661799 768518 355487 756648 635235 771177
753553 591277 475213 736895 634230 715466 421510 949366 896423 274171 107741 620219 140080 382100 885594 416113
742032 543658 957973 887152 535826 718134 740238 509002 443468 927910 263193 847438 664986 791864 131003 869579
749114 892126 662131 967047 186967 461058 185944 359126 623460 782075 594849 774980 125486 961328 655637 430665
609399 207433 307167 945216 121468 631497 976522 175420 854801 239464 731148 546084 338061 676263 134398 870569
225717 347878 253064 518654 533105 466395 360544 668358 868488 547469 533110 159360 769479 683280 966992 493038

267216 349671 401327 426728 232875 328574 237328 207677 668658 999415 745316 117249 687484 868887 965221 879246
596230 966233 287135 110174 211745 544683 725079 509637 147095 245252 892604 899695 621936 964209 177842 552362
118905 817114 973277 106577 947665 623953 680456 216430 561888 170195 401717 528458 142500 692456 797881 997129
990142 284007 515941 971094 760946 710158 432168 622771 801928 161567 877490 374149 423526 409211 226875 444221
651079 229687 842241 879422 228266 384348 852298 437787 603636 830918 755445 612881 749794 342098 248721 748986
601888 123150 693832 361246 158381 303502 310298 116672 225606 391387 804420 405137 648357 542382 688412 667898
985573 143900 453030 377012 160515 404606 471451 541747 548006 840534 314347 555374 732090 431076 873117 592357
886672 533391 771972 310491 539225 696309 252151 988102 384035 680074 939169 569662 774734 182337 751712 942031
436522 246303 599295 786489 392121 402081 638074 921553 475425 270193 295058 459135 596034 311087 452533 101745
190674 729876 115327 422810 660983 897201 558930 656749 988338 326495 521891 233512 671377 600746 653857 162006
802156 841274 379724 101595 795610 387699 186503 629825 403843 794851 367991 459499 586212 831920 137884 667533
674615 527444 196306 552695 138594 310480 547769 102757 539896 681523 236259 394597 865404 279733 485004 451183
308268 426230 576831 798054 411442 575163 562295 411578 337602 774618 605233 788791 794483 408305 450229 138368
235468 304144 509129 213844 619123 387029 552722 206175 536398 533429 618984 366371 104969 582211 438416 694061
200739 799599 477717 516429 892486 895750 710321 387859 322805 620690 927670 818193 544716 303436 445244 986102
371223 366784 938733 595347 183691 433306 769602 807632 149367 647741 132138 577513 906015 873962 715997 176144

