270859 115536 249400 137368 542564 509297 503581 362300 788139 828203 712763 961109 496740 314571 607823 213910 202503 614991 935311 611897 544625 919541 412232 339085 984439 272548 566335 742350 181906 986764 643730 317812
656425 709311 220753 427912 252813 267553 524738 939475 869043 929866 495506 704694 797371 648649 836479 611409 413918 759987 839457 250411 677454 682757 186141 545607 132262 975108 837324 451283 325510 317242 938930 327847
550664 649989 255094 277988 963248 896938 817610 593967 417203 866227 344556 380990 782392 394011 541402 342920 937102 547223 490697 637423 451088 480884 632533 326875 702283 721991 267510 116797 788370 939594 856638 966090
124830 981173 233738 162247 773072 439270 632495 131486 109007 187811 173751 303987 760576 973343 770855 376685 873398 377094 261629 636604 121884 772159 649538 271269 675087 129715 929436 888944 612108 907930 292825 374721
857840 471821 720931 474988 331305 910551 119639 342387 660307 529649 192465 660193 320653 905164 511773 427932 704500 695404 560294 746264 457949 940392 817179 490620 973570 973651 417441 442251 586848 773815 450962 108784
638680 860569 260128 655951 789340 408839 612754 216116 894741 745250 552623 956426 126095 250524 870048 939866 916929 747855 219845 831397 728940 797778 667372 930387 466001 837456 147835 290419 117725 515574 413105 976052
294227 524893 754200 740567 989362 346102 672634 580453 700002 962622 716728 981211 435295 623840 345875 857054 735721 338343 673961 534660 967322 805917 415471 552954 598675 446161 375978 107172 557807 938941 900045 445691
649712 976333 592964 893358 164429 499033 988758 724333 501443 721956 753105 428302 619267 317873 393516 811527 450285 443832 701478 330367 741607 135954 279767 685820 591330 324518 984144 864956 170202 210319 265555 473344
749234 533937 899248 961997 860040 828384 470882 437317 381497 567630 814298 149152 319801 355458 309790 407116 559438 720544 242915 711745 123922 660834 415093 763081 766114 505090 108401 333722 488754 816092 114916 983476
546562 763597 815509 899064 786497 569641 693998 201332 759400 369993 646175 306839 632202 991364 453291 791699 106646 899367 431965 993107 300466 641696 456332 437708 533844 678713 283282 671767 582659 690320 811779 666740
282447 892001 218842 629409 365465 999804 595894 232848 587959 555725 670802 248178 559844 908019 215592 898505 575619 264639 746242 150961 667194 880766 221684 809275 782214 127948 766915 501065 783989 231847 194652 568206
415036 990345 839491 637856 734141 989821 741379 540049 142355 755833 693598 784748 633481 905907 252776 586828 282635 779854 624236 912154 473408 394109 999253 862755 771844 866827 901607 292798 183980 417156 509474 726847
912079 758349 984906 484176 675642 975472 617833 753599 954226 507409 811841 347771 808972 682789 816234 375643 711796 503929 399387 602201 477508 118261 987389 922359 978181 903478 702496 540400 255523 366562 716989 966384
419893 963718 999078 791144 273692 406591 725778 475492 525285 731996 837574 555634 512828 506764 905761 917222 263014 651645 199744 172265 313314 858767 617913 584423 596603 208408 716898 122321 670312 582008 336837 256012
174205 877711 997639 777882 816942 963299 208293 372591 418207 899692 892432 861603 750169 556190 676068 913605 714548 202924 631997 189092 100236 520544 751290 660362 130926 975573 747169 477480 356927 492288 262137 232990
405430 220815 638729 221133 543418 543089 719054 483521 568574 346324 630768 835052 564338 519143 797681 887157 849128 385903 139763 226981 560949 602723 900248 146592 341659 785619 937297 110214 335264 789404 196485 785043
621833 428862 772903 275588 448928 454205 375529 179173 863619 922053 338442 921779 555144 208508 913267 292426 376272 814272 984446 920105 748962 542181 279489 141104 435380 501645 882408 636232 547150 343939 309604 719140
475183 812097 953089 658300 355714 915635 420917 100488 920247 991905 403194 844525 659743 994113 800708 495830 156538 341033 154962 369802 637938 830486 277190 585555 548743 528487 226785 503145 759569 675851 620796 602726
579382 646106 478373 500286 623383 854746 813809 712698 267882 208143 988946 924034 591613 440799 547860 255577 154334 142519 946571 799094 934079 391788 661930 188783 887354 543363 907541 767253 606699 409579 138575 445877
903079 623123 301560 470815 522330 478296 169038 287660 518512 909802 244004 127568 323484 272192 655268 595438 694126 447757 732438 855858 863836 832490 251269 130075 113275 561511 948736 207526 767583 885880 650766 512822
966284 726472 509529 563073 468326 152900 242277 971459 478711 771376 120397 162401 620175 186219 544120 323418 407254 822406 932804 716956 381855 742199 940840 536550 197338 355086 275385 154200 997104 992272 915749 242736
351325 340172 427684 859138 733639 502673 285353 230706 725915 758638 998716 502612 226882 371678 392338 501386 365310 470924 382062 301305 304049 228079 123062 619289 579297 159459 621968 735856 310460 553509 117451 507849
630210 955847 372566 750579 528136 630151 446624 678690 724417 789166 137258 298737 411074 704113 298440 260498 734524 208919 750720 789176 585441 252574 536961 232500 840098 944537 799397 832571 320781 171656 516936 308391
683662 305950 689435 936110 241564 101461 480650 148724 945021 103468 159625 998059 823547 461596 935806 402857 523267 651227 464702 329169 799796 148907 896523 476453 845722 947898 693882 220595 942876 903000 112163 126999
722779 408232 283793 676350 708510 104983 851652 448896 407391 571636 613151 155947 373603 722240 856540 451977 134768 360720 707498 297251 559396 835853 470965 160462 613005 180131 965834 787993 508098 792433 366306 864104
583103 840267 774494 500507 798721 558984 727071 632114 384977 162004 874781 425977 220354 354828 270418 591928 113948 611799 402512 489418 165690 728644 666216 170144 121603 130059 877980 609642 100617 140712 824692 261149
971486 222233 403898 847525 566127 611011 861679 641240 104032 181612 606797 278762 863736 683541 821210 953964 114261 519683 286476 587072 764670 823646 743989 807743 372176 204024 684249 819793 687138 501247 784439 595727
331925 580803 630043 161476 218400 770938 284113 655338 311394 904661 809057 991014 951294 854223 961028 202742 772881 515762 718276 872400 525090 277321 227814 827099 346447 917362 322046 644085 712826 112928 338104 596440
460398 112042 667480 132443 665030 703386 981693 665620 225583 997869 503422 863117 497897 885644 717228 623900 206550 798045 520284 155599 525897 800361 987089 218262 465345 968602 208857 963040 140289 921815 559320 572157
579651 426157 731874 381456 810538 429631 351639 741351 746717 426453 873560 329552 175035 357865 724916 224272 380080 810829 676929 885915 290178 624059 721688 282585 757367 145921 965671 170711 807895 596503 503162 926015
284614 877971 985695 143333 357441 975453 785615 395233 571558 271182 807026 577087 404161 172525 508261 305825 929841 156131 645307 111848 514241 312285 520595 546818 160439 487534 924758 778813 657377 299762 914001 817581
962242 679793 526519 356280 219346 559800 414731 265440 782340 152087 787646 465387 529080 280108 281174 777899 125330 284045 914594 454137 493342 393322 409593 125173 668224 437481 254468 279565 748667 437923 602639 878672

191325 315510 242659 151723 821321 617536 583915 169204 674630 166903 757628 120111 422494 464171 258978 298754 804869 491581 337103 696904 633120 375842 493750 467605 173716 343136 291962 657628 844229 655173 120839 247294
729096 321111 805966 601505 288055 957018 649613 134516 137331 186822 159350 566269 299888 715008 161888 578353 633393 352484 390779 151357 949520 631194 405884 438935 965387 528815 146940 345353 214512 123464 618661 758819
310639 717805 182669 238098 594433 673789 306902 317829 479563 373753 664965 623510 682898 510712 350083 929505 345554 225797 493526 856637 575657 961553 227275 508926 592144 130855 128401 145728 581024 896385 242554 305698
171213 350499 400685 408859 690555 742143 617051 811357 627412 990421 386605 718866 899827 715936 343645 524737 578527 102174 675851 613181 809266 365281 440848 572661 811103 875882 583313 958394 267587 708789 972743 844747
338824 758023 324926 533739 434717 967573 746478 341187 789325 458986 540860 850476 106839 514721 100044 983700 420275 343210 849454 589854 720631 214205 147436 996589 384607 782245 762965 918024 929646 254291 540034 450947
319142 817281 303362 218305 721047 739795 353979 433328 493387 256458 449482 410505 619213 361776 952677 240232 748913 183175 580808 459027 307970 954971 905887 522772 908945 313701 296837 406269 896074 854661 934914 441177
959726 543768 819394 486194 489956 242065 608912 189724 148063 121915 581406 313966 359866 335826 885414 319323 291339 224441 879259 499512 478425 874185 551106 989512 318757 175844 156157 539213 699797 418159 280617 298560
319084 218087 378492 912845 476037 870536 552509 547340 520825 274681 698348 692271 842974 820630 646267 871160 170733 852824 764673 787138 767734 674396 574464 741145 877577 148467 461847 979986 324456 624898 987802 458369
916347 867341 419749 593203 673158 794584 984405 307439 599360 692626 615325 129032 431110 313331 926734 112846 804235 761933 858877 698558 728096 316799 824134 430928 416835 225151 830078 976202 882444 289690 308311 398173
618531 691408 774682 957619 455339 836679 108524 885847 305522 222419 174536 418247 539114 524935 387339 888737 258194 444007 429314 981307 517688 740054 196087 718454 966314 626540 964910 241052 914886 517085 772917 829132
851570 793579 180267 837692 236156 904710 122531 505852 568871 275170 218172 224779 653850 729250 983374 287068 904040 335496 358779 723632 548673 645368 221089 300500 312656 746396 208439 141659 493620 643370 554197 264376
428864 889154 233880 653886 660268 620709 251265 779033 687104 663168 403292 210179 387362 599997 572421 640514 182891 107249 225031 120866 804276 730360 515890 867915 711134 414370 482900 716468 213610 122572 596078 153820
793667 919144 341458 455272 102665 401564 852776 763047 189490 390868 815584 379793 103860 716802 109586 638962 980768 285547 280023 463984 430114 102286 517468 299359 953961 864009 655843 948834 126398 839429 457229 139217
223959 871209 315517 697015 178020 282704 485212 350618 840186 967039 692071 217870 769006 582216 494673 968125 820924 140964 206594 889921 650966 273419 889214 764381 924430 583997 909204 185004 153006 819965 410771 286375
484098 595791 540325 336863 968922 743042 593900 772946 223731 717285 152080 974977 221925 527646 406473 227261 954996 165200 498548 778865 134740 503437 186515 882520 963290 197129 373559 537993 357943 550816 780707 104243
705345 163579 829083 117092 893168 592135 325002 312519 824469 402871 254488 306989 932071 376896 517812 531272 550392 581916 241216 223162 647976 428060 676473 516248 946175 393551 895717 193511 508464 194853 458942 335088
813031 823636 223508 887744 688192 175540 963666 888445 657349 999428 650132 772359 626782 799811 749549 293253 241143 698965 247328 163206 344104 320358 620650 535322 551449 256301 266860 531456 513224 649807 688560 638652
661761 197716 225836 564787 395846 117000 984549 727282 877754 699414 524525 912279 903169 695711 845459 500747 486285 793042 179039 910799 929453 347839 514673 318088 431793 561946 428687 734631 157871 445280 470723 936153
251313 736846 881247 713827 499165 638622 144783 655823 606535 382267 286510 660416 764456 773641 847820 510560 984762 717262 743090 862728 367081 936898 494686 498225 656121 290940 789157 337462 655022 229258 852462 667839
300673 372566 895761 379056 884312 948198 723062 764360 520252 958654 134692 238181 511545 529854 415752 440244 129171 838499 802765 609275 789306 125029 380429 719603 632362 574235 805111 374853 173729 804925 759851 760598
803507 517635 845170 509214 396802 632867 679174 488644 321696 389312 822256 244780 108193 697523 226771 810629 791523 232921 193909 366861 558754 869006 341104 948345 373802 381551 511887 578501 558908 269094 219144 397679
865011 873186 256597 609137 610802 424872 219310 841684 207901 856909 736212 633090 632336 888117 544249 658885 879549 294153 380258 288401 502255 706862 795219 682648 546157 911248 671813 451951 934052 781158 326788 654594
193386 471693 135132 231968 350775 651999 639489 816287 105297 835598 899289 963610 757510 417456 815342 499620 726208 611240 439974 119498 261181 635498 456008 901364 126035 727302 826054 196318 931636 664089 162751 197862
572757 259050 325614 357602 292776 935690 367752 128598 197219 986173 665851 988207 823646 174312 845711 493082 202368 848750 146501 874375 133928 144710 181181 370541 480686 318813 287997 587288 189344 992714 425908 947229
137427 429831 404563 943847 615705 432711 998258 955140 677189 226462 390530 822029 933215 175972 739870 967150 775580 716563 220895 707004 861234 346301 815011 734516 726261 446861 233577 787959 515081 552320 289546 756587
234725 611579 737435 185907 770445 856994 786032 929338 527526 135150 782789 609219 657071 176923 690447 586987 953377 354452 718809 891086 400981 791535 366974 875008 647966 851524 892996 408256 202690 348735 439843 998397
203810 424994 327580 664019 528813 851574 533014 253288 598943 627703 142061 440688 697090 176796 448102 437023 996518 987792 581546 486711 517044 600880 652131 955594 555994 714606 790457 774894 293699 506550 651652 928138
906441 597652 744198 697106 256830 893792 205725 952503 555472 575664 968236 536920 323280 525895 817497 734987 600392 108568 173535 294099 905355 519535 846391 221613 329133 314915 363834 123826 903086 573462 730161 429730
349431 291277 607334 191453 420874 286839 615848 237208 268525 894638 541550 812204 580238 944264 217999 629200 528241 228023 992312 890046 554012 545562 482303 182298 969103 351235 217224 423709 956645 661089 160673 613428
906545 109782 161473 375931 123006 387885 154697 308127 787999 852203 290961 138963 400257 645034 437537 347472 862450 529123 644001 618337 955437 661446 450129 340327 606326 229429 755806 173253 242503 923910 458395 126553
767226 118493 785093 794972 559391 509673 622508 695525 501389 500937 922096 539080 142684 766361 551099 748964 707739 910532 264456 764142 941446 667646 937868 520585 777222 321563 296945 782941 779721 755984 777581 369728
179706 303846 577319 736174 428990 433077 773141 466822 838682 866369 948424 214288 421041 268578 323075 120074 456279 111154 371661 944625 988001 356069 117083 859172 616547 986001 538367 615663 463336 166057 145205 293155

