317156 219804 205206 722802 337300 227573 870562 590277 541229 899474 567407 373272 476504 730457 437770 425505 572273 743198 350380 340837 323776 921051 723286 523176 314256 255129 974259 407924 845597 524341 503910 665800 684940 222359 199605 192051 812136 535729 359730 281791 578489 632373 415198 532128 485192 540483 431986 485708 835364 495091 702621 241825 840452 578100 342274 725802 161136 688252 148458 901396 574872 381108 730123 491870
520735 609591 176253 402339 771261 599696 183211 483220 939579 879076 692559 342526 481807 994475 642060 277591 785475 810167 484707 734048 383619 168918 600173 324231 395389 829673 598846 705767 597110 627408 646388 334214 750272 371662 660161 824663 164864 919516 402155 747806 418416 940357 214965 283542 286293 250270 750129 713306 484254 624336 714109 434122 805906 127560 730078 104296 948008 661683 223385 755078 608613 138671 417093 994101
971937 698809 684298 292593 443478 703372 717295 658536 687445 628507 940354 947687 184085 468869 578870 206060 910261 521861 368134 864406 530784 730113 304540 276912 643370 307004 227698 940001 435118 683152 227513 539069 178116 501532 974524 438620 859260 282681 991141 329158 240973 439014 433665 896958 961867 939832 801991 792113 484969 691201 761975 470803 186674 572745 294329 872924 882299 524184 644968 342211 188714 362947 804027 652599
842288 306754 447646 877304 835719 238117 292612 288136 396165 754035 318751 534108 974901 489471 370054 811212 313725 607582 256043 834108 288215 580594 350912 616917 608211 932453 549767 675126 995661 742956 845494 768983 826056 608024 435197 280469 376118 621108 354354 860628 430490 226657 970300 517164 848417 741633 796355 991315 348005 718601 602073 840027 944332 571366 847944 264459 838804 934492 980086 768299 677751 246193 782880 552546
418861 458947 899621 370328 433511 934764 686884 240512 943416 643391 326305 846392 846965 625825 857038 716667 510050 375858 843481 738483 608276 513408 163107 606178 281698 185637 245222 680022 247570 420524 990033 626795 803481 216806 417619 721273 207814 258130 241180 910107 689980 214432 518630 998268 554851 902447 599344 617094 114625 495657 939324 596274 437240 167930 720316 536424 103211 176658 421590 351923 454992 715756 393784 505551
130137 728293 693139 279550 227727 651840 305831 915312 835459 699732 960195 378939 478187 131318 144081 360236 111809 100198 548049 107300 290655 319441 843615 115057 325980 492192 478494 540065 759044 194107 441326 363232 538841 228826 351833 542386 781927 587553 887904 978509 734112 363117 102053 522216 995188 940797 291540 386963 584990 941881 212173 544901 155125 387874 772236 788515 441858 174840 893414 461642 912248 387918 885670 523232
407425 143104 872205 511496 614558 628076 868633 481533 791649 268153 445542 224656 590970 179928 663385 573338 371039 903709 706377 773081 990733 238205 565554 228979 561348 695608 382283 615762 240442 220704 257399 691012 856215 635605 890813 336383 200714 818920 516243 760908 695385 465759 651321 587831 154553 238203 183572 772267 496240 936057 345605 809943 328141 975896 805973 627271 743810 490602 777859 629879 138555 119445 881850 673095
623094 514483 855881 260175 755363 265608 515084 496963 670433 195037 147999 492568 124841 568830 203873 932789 943823 484107 991607 774628 206589 245476 978079 256008 857284 835012 976180 441003 243665 893070 229939 441909 569643 498540 938680 390921 845592 835133 816884 521113 507549 164662 621109 382788 872592 608957 360808 211447 546516 224746 330909 439479 503321 469111 171681 680645 561964 691219 281893 713473 955035 344967 634654 485970
248369 325887 572491 619280 646804 341207 381790 400202 968755 397877 116480 466708 599874 708754 347582 262704 989046 232060 390930 794214 964562 631217 941509 386346 845840 368815 557167 479540 248074 846505 112291 414931 850120 768488 950089 142568 855135 117114 572042 962747 581904 857537 315546 101888 889383 549948 879333 714965 549858 947128 531890 498232 111992 320893 820175 510025 544769 903400 257540 621055 925848 117690 267442 970602
493759 116388 288231 297585 140109 562051 134465 755844 512704 886007 276512 982326 251241 504420 623979 378590 876380 132825 908801 287588 781957 794446 507266 989353 929610 343515 153625 374579 344738 724134 374986 170958 952886 291674 616294 955969 765660 501979 724863 958347 385182 663530 543562 312706 370637 199821 201294 387099 928371 429137 302431 455068 963759 600733 637749 475175 242017 186341 931183 523729 382602 671992 604421 291743
571033 459230 247610 480748 304565 980899 216499 918057 749908 512622 612824 314021 907553 806073 801671 332619 965192 530332 800120 976214 957648 324599 265214 208408 182936 901945 457181 354883 887403 872322 636005 145093 875371 750106 860194 928302 938059 461274 764633 483981 131474 394354 218673 231000 921599 435943 328624 821621 336204 453102 779803 406607 867091 244958 255286 304606 481286 958837 423280 208209 839041 792722 704631 417131
378511 908904 178467 965892 581090 172262 385185 335440 876251 481409 743068 266957 699916 921213 613231 388524 120893 468724 540762 651677 979411 531057 601788 932149 457013 390989 416102 541864 566862 143160 892546 172088 545398 891316 401821 430212 522855 702081 237043 736511 243435 343056 599637 133595 345084 676353 112407 406019 297492 739716 429891 765195 155245 788167 292222 473009 712598 721580 572589 947196 128140 379458 551920 657812
729478 920959 433942 818768 870487 765102 238305 679506 865494 816439 506936 977501 987550 322826 443772 836213 304761 593321 482718 296793 174662 340230 907516 723587 186307 417517 521277 544528 289639 197008 693405 688586 652957 395609 643704 242810 729548 323231 399069 759634 417958 346847 687877 852118 209619 904500 282129 661762 769266 576326 182910 269481 707701 645951 405065 881395 752014 185812 818580 574177 407464 879300 976220 114958
839006 492890 541180 899406 260818 255254 647233 105871 162118 836617 203715 580136 723114 559035 583493 929700 107061 638535 210619 543098 536328 555891 377413 333746 668197 543306 898053 836020 216907 432912 500125 343656 205354 488661 915365 621729 559605 291942 283705 249012 697738 774517 112030 346389 157360 220408 631796 469753 831124 853132 304090 843134 168863 537287 351230 658550 756960 635104 799894 350514 948561 327605 324270 773164
803734 233380 743261 236172 385753 757209 306860 612171 994031 195183 490548 992635 814598 123110 821788 636004 232086 673563 275503 569615 564137 618570 558237 862675 274086 941161 176151 144860 663940 168971 861924 613693 857180 184383 553969 950365 379265 567647 643765 391379 162950 938193 260533 800640 773297 855883 975180 953435 607722 793816 686701 345119 697429 940203 481113 429789 383920 872353 603668 880046 439968 303815 865997 919211
178312 640823 430343 320955 719543 143963 942975 668968 255651 174422 108436 364181 121641 303707 742566 389881 655737 396873 655788 705124 599309 155551 282323 146968 555777 633821 625708 615243 580964 904472 423880 545624 830006 571987 185315 624565 171000 985697 135695 500823 562108 475285 592944 815023 979765 164888 642322 453286 362228 782234 423005 146151 250861 428026 610564 223780 404009 720706 518382 369280 216126 109870 608077 340125
438033 644248 343243 570858 560744 641726 260429 150796 209348 513621 533016 542424 590580 530841 968129 198701 331677 255401 945155 585577 949111 402370 867897 590872 241931 526328 657854 763842 294434 972318 914385 557382 390407 626012 285879 338712 500693 116529 718600 137642 120398 692805 317384 775934 935925 687727 913643 125979 411630 895901 784586 559280 247230 224587 818786 405928 363436 917681 551400 937085 262801 697569 650490 121588
943420 843137 764521 716040 359085 639513 526553 277221 785393 618630 571115 904618 128619 181887 433096 545090 311587 206532 160703 281501 384693 716059 582998 920921 593522 871575 314400 147515 177395 444989 365905 357206 783680 553005 345913 235679 450832 883032 656308 711649 583582 784393 299465 533693 906993 195545 454819 605016 454134 814038 916525 566692 362391 493199 453955 673870 249963 879548 459970 242756 515121 984080 567354 488083
515030 807742 371749 181298 652975 915707 990650 797569 144455 934900 609755 303535 452136 459228 422957 341542 565589 488942 416596 795789 696601 624590 715722 842105 275480 548632 485273 369949 645720 663622 237174 192366 889772 950549 158298 874081 940872 516317 695116 216078 828441 490007 555968 296344 383001 728082 768180 443961 664926 874985 598047 684048 698179 959019 695786 792351 410305 906616 713276 729171 941947 218806 461674 751910
640184 263257 446540 409372 746249 997680 830151 477111 334143 891829 775656 375336 451227 340519 818585 279354 482463 856734 172531 473858 375951 335457 193508 649679 363348 279246 852155 241478 629557 867820 775758 283919 657076 217687 134825 393024 809429 306296 647247 932555 959712 293901 150423 779471 359065 399173 388303 411636 116037 457431 221130 455679 631529 201163 814074 348976 562108 916631 178911 791018 283401 191846 723545 101688
621706 280815 861623 486209 769034 711907 170734 897856 323568 294896 502565 929152 528558 406465 936054 628882 391205 816560 566108 191649 487252 561830 736411 653585 427135 580372 931479 621890 530883 659259 641629 634414 357199 110872 833175 379672 550231 353732 127659 451812 333415 380353 983042 289413 761682 476549 638196 810667 583303 121894 354358 257941 937728 956509 628216 693581 919852 783827 388779 288288 396497 429078 767079 206362
312602 560266 724178 125017 423242 364280 501200 252923 129424 348733 816462 401746 902887 877085 463947 496053 379528 918124 787238 297924 553422 751779 399790 372297 881797 253431 716389 383180 372399 682405 632541 808594 368785 564685 193025 300548 145068 615969 201724 458242 147082 625317 581871 895087 878766 861019 417162 306225 986033 436993 551074 708063 396474 682170 672121 118324 964766 112802 887763 166644 832557 244598 520360 928491
468929 665987 213195 937901 346945 567434 505793 508674 792720 821313 899059 556433 960549 930776 991939 560763 642834 426245 617193 260178 431961 228822 888017 257735 869668 712992 889419 162510 917025 274671 738932 920812 324312 698031 694562 924282 183782 920490 312841 342364 617018 454255 883116 786706 975093 141086 742725 391354 899656 347218 478318 296511 213289 680272 230628 162640 952084 855094 186828 532658 229347 860521 106362 967275
249831 789756 396405 430106 363852 677747 904637 428386 171423 248054 178699 531103 806777 871761 911033 692618 500530 675645 374629 675735 916703 639688 113107 532748 774583 612006 481123 478674 180541 367429 824540 579574 903351 507009 921927 783661 762816 761790 735818 450569 364996 553448 452318 321128 714768 893108 294233 336454 372341 447244 126242 914279 881826 407112 287967 483370 517684 931865 653309 766532 427273 610029 491984 371324
619071 398890 588374 401632 963134 146053 502215 260612 285603 306115 255782 483754 288266 816695 288174 709161 542562 286016 272767 544618 934676 890044 334738 724827 399293 767121 803619 312725 951698 201483 557861 164794 797867 562383 148690 164924 724931 929786 203050 477649 383996 516073 229974 954311 226887 947338 611847 838854 733834 951246 999436 268814 480274 255850 979469 619970 284067 417829 166260 496892 319836 707285 623422 237193
152158 290889 875033 713968 608115 273947 855804 831689 100887 588145 103514 423063 446050 780688 783648 358420 378240 528224 578183 600946 485619 155641 571815 170469 626244 844062 680432 578327 592233 190507 444793 151281 558803 441037 396364 443468 332517 184568 505506 546392 772284 447959 793292 506206 156246 366821 163535 958615 904487 568935 438512 281634 408108 228681 780504 569258 799165 615749 939586 485195 239084 692824 132368 501104
883681 320852 607079 235742 663596 276899 601812 209090 248364 141144 335639 486916 814341 256981 274045 677214 673216 399100 248214 303033 232738 570735 348588 568327 524426 587126 547258 450446 536448 490638 336814 744083 311595 760650 648994 788299 143588 645660 342203 378633 308649 170549 532080 966841 717280 367593 288935 320825 127539 904140 265718 384459 815165 407065 160580 932653 756379 286688 660231 252148 353590 102158 550081 588435
178542 928849 608177 140493 904322 807131 800991 436337 934900 635833 509717 358113 613288 800286 366745 170093 209097 639927 281585 924515 364612 505633 165529 282714 524724 556527 869016 707162 222432 385860 250903 769284 172108 407053 181999 665131 186842 210277 862716 255039 155601 706964 266931 239597 254899 239805 764108 928995 585310 429078 664841 461748 695886 326569 539554 636816 487363 940908 596168 158181 647622 815668 124395 821321
838389 398324 587482 924583 210919 695142 877646 460201 757152 420278 484058 231622 666650 750956 734960 244109 349327 829121 843665 383764 434001 570314 121497 475115 950955 682602 290570 854680 448315 305111 341197 676919 361846 471328 174909 796577 428290 430298 621776 205747 222233 539172 716968 568307 789297 851938 802321 304368 690200 144028 395385 858318 241024 669232 494339 240811 741611 977750 187487 552380 851010 973218 217305 601443
711730 197239 402048 618744 661624 323702 540319 342891 455447 280413 788528 654335 246909 301478 534617 485361 700277 462198 107161 682313 893000 963252 597503 967230 661034 272511 628692 865344 174164 539655 270707 649081 407370 723014 608903 786704 156219 362156 896661 651638 268024 195607 824208 639641 974487 926759 731355 634443 207777 576605 943730 781682 777312 925170 618316 951335 890039 243146 805635 617798 777223 346728 476212 873475
670430 284732 540883 735723 941092 534468 470130 760780 490392 406275 810269 768529 969255 364030 851629 792044 177069 783404 832636 500341 317626 388317 558943 632392 396210 487915 190388 262808 210392 978367 142332 899634 443417 902225 447702 655458 392519 877102 830535 130950 393127 601616 147979 797529 611425 459382 919300 623076 830029 846521 407016 916742 228608 729997 820564 553733 135284 932458 927954 110895 546997 550402 753988 486573
723521 622448 875683 272781 160041 368924 245976 825019 524817 345802 463463 212964 295626 287740 230629 503323 538885 157892 672962 294323 574063 666840 148097 172995 918172 226789 772112 224812 487880 940189 491852 221946 337471 421682 851264 529156 865981 477531 311907 331859 858119 481631 467708 920952 706694 873935 142317 386534 249343 382311 885756 613084 726030 840534 305915 928040 404015 644671 230200 766512 906981 152610 361582 570840
577549 974103 908698 331466 833297 802261 530545 627391 620129 486979 758939 868257 270334 946122 151509 148554 391834 717379 529143 496377 155388 187664 407267 941284 545793 861612 848099 617856 672745 137233 395461 550301 261101 475202 690867 374264 521425 856627 651061 173848 597509 152934 157562 426541 332996 637170 783624 675833 186150 866542 132059 373797 886694 570487 460484 949392 513423 373120 291347 634298 955347 305828 221063 920356
314680 941096 166339 260193 236237 706827 972315 318300 293624 415814 266332 244899 270821 139354 459407 925583 180581 198535 940919 282690 413892 259904 376511 812976 227028 608167 331608 170827 442649 353326 658314 343447 681214 639063 314698 811744 809090 934561 237568 638929 125405 606986 478863 964385 872503 300448 277302 228336 268686 278490 234959 265624 717363 880668 788160 769801 762657 182276 437616 927574 331605 391266 320655 283901
430443 238530 609978 574113 381039 883885 277001 949995 504167 500578 224376 703512 882594 886199 667426 642119 703862 347726 260764 921547 177653 474910 119556 458098 938639 514654 481012 709274 925572 385844 823570 229460 641490 971689 205786 898215 129987 279015 378072 760998 639489 700648 595207 901031 395331 169435 100669 658262 104313 275511 410633 497201 623174 563799 218139 692229 821683 322001 772522 813612 761790 429070 640737 805714
539967 666247 740854 279474 336309 576429 438938 339145 340674 283648 840906 493150 696050 233887 396981 360013 161643 189766 476861 947768 940206 189035 949458 167453 251124 493862 815037 242409 816605 773177 243610 417722 791152 759664 737734 276214 711974 238689 205452 770842 275255 640622 798606 206439 491934 393893 636158 177186 172073 297151 312693 167692 261255 100323 483980 901228 876954 514135 690636 587022 695320 832609 521914 994345
120275 766566 724125 995230 776481 318100 693478 332238 325747 765836 453599 767191 538198 645560 927789 150345 555293 356766 760577 599925 325569 569235 500446 858690 286340 143838 730192 946840 469024 776276 920343 523955 616546 286594 191608 535515 868878 216543 684502 721196 793968 681273 829003 563968 681186 790661 278725 226144 329641 409020 216457 186945 405197 710716 476338 602831 617598 958186 481198 104001 138545 710571 243758 424013
205427 810314 274006 855753 455188 735725 991836 116351 635939 940437 735742 188432 532968 736729 216659 150420 517283 551003 984136 371296 635835 369036 577252 570250 761563 258010 387462 439151 167602 285064 358353 475912 675580 929375 978004 555929 108638 241604 675476 904239 309171 668130 739250 755469 834836 760112 816383 146161 118197 494292 372841 979006 387423 536918 735412 360770 631765 956168 937577 875928 258806 273744 991325 516578
612832 939313 898412 443457 480836 953239 948391 241150 302525 227921 779243 234353 147634 862885 639511 658932 865334 888959 803587 174238 391059 912895 294759 807120 957828 431722 179396 928515 701395 646894 151732 232038 489963 366858 615106 265740 666324 772677 955365 876063 439564 726818 317564 984639 587605 948044 259969 925560 410427 123559 246166 178912 521320 305173 560613 244094 896982 945205 633690 289332 580277 904291 198389 549308
491365 169798 178119 692497 168506 573068 318384 762137 850630 177534 439429 268623 249469 926839 371383 131085 497483 904985 198757 458769 825649 896751 278029 495511 111564 595220 177600 197641 768427 747239 782591 328311 725771 579526 188407 213150 863131 257930 724336 993259 645886 886539 744183 849515 302610 354983 589033 500195 814917 680520 213143 397808 248682 143776 790913 105083 740611 452331 490384 287930 881292 554612 422457 668640
169018 405695 254157 424333 917652 880606 936097 895138 429198 358629 811858 289426 909545 705613 384537 692541 675109 660990 175999 832944 938211 903917 798161 856232 256315 985868 171829 629707 696827 498697 351522 428998 272777 780437 625239 310614 176062 763082 502575 391881 732137 553551 563326 565297 355859 482094 750666 555368 997605 149456 113056 533374 364559 883740 610429 284499 719846 402412 414104 989502 492118 403461 448239 876100
723341 822623 900035 555820 782753 510196 683882 373497 624904 499138 590304 425273 388984 799565 877341 320725 291066 913941 870551 820233 519338 556213 583073 448262 813681 335237 882210 892602 205431 852715 509004 308871 634717 613508 694717 456486 366943 785188 362330 139545 671003 695350 564802 896199 582957 315426 130570 556255 149778 936246 893421 877874 649959 433067 366529 326320 679873 377957 655168 146840 915755 915052 611417 465213
191087 376851 729515 155638 706475 226415 231241 117184 299818 402206 910778 422645 102310 980267 262458 617946 536388 614714 140545 697802 564222 682799 600533 658507 174878 208126 970342 507419 451186 622141 671890 514397 468786 593013 947439 721659 633875 989609 678174 714298 235234 647646 986989 794515 330567 978348 207144 859144 769859 474278 748559 864738 250000 622116 409070 392136 636880 483284 698762 754683 692635 571603 929847 269786
961165 399699 281130 553626 473072 592156 895937 585155 321564 631862 354233 743577 502027 246661 242377 318769 311885 398146 972236 486209 983839 588399 400811 325740 888922 125180 753816 570624 432161 977606 153979 633362 336370 597760 119479 427436 131834 642815 589351 679269 262229 431537 494456 236296 498338 304994 649998 297903 213971 279918 728658 473438 786201 984295 537387 909528 754632 634356 808238 776557 103783 905086 171432 909704
557930 402990 548022 465334 793313 419596 267974 231417 992524 603727 554235 701326 719605 269957 756645 219735 896213 598741 975815 473186 530710 481683 569977 814045 845125 481859 880699 789809 123185 565272 669047 307439 851229 994961 953291 988156 232313 774919 576673 776024 575015 171115 757382 228207 415253 872970 875953 945884 295087 516858 814971 710879 148225 961393 676393 288925 191449 729917 267275 766879 436130 547205 667673 325620
574090 834369 940935 624347 142124 338651 615542 483992 331990 230258 381987 879357 274487 247627 498240 182774 661396 290268 567677 825652 246297 280332 564295 517325 284937 621155 590522 759648 833375 414654 184439 812176 195792 608636 793553 762431 176932 887565 289854 347843 810839 955133 429345 748297 184169 935669 988790 315308 650821 381417 328521 232202 873030 541229 893443 683174 208306 359335 997192 440918 119327 709644 721313 223166
862820 237453 325714 166346 244909 689541 672857 743922 792806 404790 667439 534851 653391 180107 543079 414713 846368 667628 391028 413101 830730 556459 574561 324486 888399 364618 197273 878710 624296 644581 780625 154703 486018 664943 168034 895447 124129 754630 915724 685369 258579 451163 774140 586270 711359 209518 264465 413826 948268 418750 118606 324105 527108 804242 149562 970012 435252 610980 434685 458902 834519 161826 456796 775592
138376 830620 815498 136660 772981 525371 480436 793119 272880 585339 955341 148598 149868 767730 215116 825485 368310 129918 287774 154834 501155 985972 366305 505018 421133 576321 795007 524461 518984 830043 776467 790469 751358 980897 999528 429506 745314 622822 873125 678595 827618 922044 817915 252781 581087 502099 363534 677235 214070 859103 990463 932138 197834 299589 819760 852938 249983 486738 423026 377986 428647 213744 126798 342708
635390 798010 654319 360401 368903 461766 392643 301413 973772 456240 940879 104841 374949 484127 286567 185752 398701 631208 316732 336807 819241 644574 831964 400737 947872 424761 190811 797430 234360 967666 106105 286133 270265 616352 761596 246670 764207 931270 464301 366617 658475 505704 656330 621516 390598 580117 618011 143200 319553 488896 631634 410320 222182 290080 415548 996998 517934 512021 961169 544021 261350 649582 849838 720455
557695 257731 175163 309048 494164 639872 538347 853199 406660 863151 715457 570016 360715 744104 105801 507709 530812 481393 825735 338127 386438 336759 380690 636806 409513 983118 729444 840034 732296 594916 443234 888673 273978 111925 748307 889494 155206 713790 546676 751078 959895 197756 232744 620874 787580 483636 426993 621438 905628 602232 971045 179279 945800 812852 901401 524514 296924 742792 467259 607345 438348 867409 294754 223245
522110 255807 885335 453367 398891 359763 455994 427193 389422 227660 632550 786018 302746 685593 538297 668902 383473 921802 768054 875459 988530 139263 559466 151862 376413 793730 484466 120903 682419 155836 233121 687559 466293 383369 706092 756519 653814 553015 353275 297356 535512 436954 358019 923645 988963 735203 308530 458800 973267 376701 546410 331900 511441 525497 665921 137026 242706 321968 248751 510817 868333 944890 415242 441190
811828 639633 737914 400948 674655 567774 726237 331562 321569 989048 333542 733715 909270 715044 246033 160884 436049 718449 320207 416560 994266 973177 294181 507516 831864 798282 854808 846709 825033 869642 134449 366059 555236 823768 629246 203215 710818 674653 653924 556741 849565 600083 437094 264888 628240 483983 519795 933213 168172 275542 500534 263987 261487 905021 621545 114743 214359 524356 230938 753574 190497 961202 199191 542433
346672 880743 770816 294990 427649 162232 861038 203368 720099 772042 665426 916564 325371 371726 899052 348675 858926 126677 792137 935765 639154 121885 462405 259522 287917 747702 452552 390571 446027 178274 623975 303101 830328 214910 292915 597142 693883 810585 358784 172951 330857 802129 740436 323880 944870 327868 520899 462476 537472 796609 467463 720964 436186 219502 827762 989474 715389 152956 595904 957896 523888 259681 160739 907918
462275 674152 629644 806987 800458 583947 596885 631687 432817 450649 542442 265823 939456 816804 987882 370867 796139 907565 396603 189252 985966 506141 519891 398577 413048 599602 257494 606179 728596 552153 120608 108403 486591 845809 813034 481138 748645 496295 236570 583299 896520 271232 436089 987427 496150 155763 708711 486748 722212 838691 984893 108867 842652 938932 571036 296977 534256 218669 521090 737977 670292 455161 594581 141973
872648 661487 897479 177282 620472 514153 754625 561912 598912 252315 759499 847850 575701 119860 857623 288182 641514 341192 749697 106982 305211 831173 188536 348166 773390 173016 898994 101150 185356 182037 704475 876534 202462 771421 593691 669022 554352 566677 284134 924636 190928 706084 390933 180236 774362 397867 884850 645466 679678 252997 520416 609120 395004 667254 814976 865879 838873 780270 942842 936987 458964 879608 715266 898610
960622 949022 855364 176961 703948 495156 390312 585988 178728 263908 762021 553860 458123 692799 563648 560610 691355 291288 325438 160453 140832 930955 605438 507141 874942 986822 367532 357977 112514 938985 270637 305983 426188 486647 732190 624299 861799 545635 140997 499816 953805 740489 174205 499948 550873 703614 155272 867524 406704 467241 100587 642320 168323 691423 752858 832455 500974 768462 223467 372913 643294 881129 581453 855255
308315 318212 202159 398324 420344 367414 527876 268347 925348 399739 213669 213859 380453 739685 641998 396146 165766 988983 226645 162814 352376 415810 584468 699856 470384 330227 156158 229971 180764 520008 159349 136986 577870 451459 858306 710204 797009 636735 280274 605604 496208 990293 979877 904126 981042 223597 125613 510731 732029 740562 231098 633769 879179 158670 142879 265051 529060 206403 679151 329748 160462 799920 301174 778604
963839 679577 197712 731056 382019 607218 647983 915036 402891 145665 635964 489038 440784 435150 910244 365122 253435 494942 522272 501450 453712 526902 164537 252676 357205 215927 914560 727372 927198 150535 881734 317677 531331 718735 546680 689926 889223 448756 329326 553129 707482 540363 625221 701448 675439 302538 454965 812990 952942 208409 631605 396104 525168 409844 948740 497025 236614 426671 952585 451101 929952 246985 315320 945447
302003 249412 855519 584465 162880 607180 492823 969007 460522 476380 411126 112146 389656 168777 124790 794389 647813 461300 453108 205140 589375 642707 875643 335668 670663 504534 406877 972619 265904 952970 316831 219225 661719 700336 918599 544185 690759 430329 578444 161416 860438 195589 481352 902177 106236 703907 624017 930063 443588 508508 592680 711990 250709 549119 375895 127623 100188 504252 249524 500976 235871 814932 460962 798870
539956 623417 880591 471449 260052 608924 783906 353706 260519 405223 127078 666062 864237 181627 382996 160746 104536 488333 146103 414035 460620 521353 329787 137975 764242 698523 516681 749446 247140 470681 126706 661488 136393 286457 363748 844478 798182 612163 320907 871035 341487 528592 760367 263570 527690 372159 802908 831142 738872 281855 463225 994662 845399 992955 208782 713400 233105 859040 893349 192250 881345 243491 181835 373393
978748 948035 906386 593097 877291 511761 750424 563887 822945 130275 681765 742503 897887 402370 470730 844697 295972 835331 965660 521904 779260 829775 325073 713937 724653 340157 105822 505020 145412 553026 920580 325296 383534 961021 976891 469493 692923 958865 788928 317903 979424 498900 143533 782028 404060 969867 743237 931074 523498 868531 440545 835318 664593 979195 471409 998852 803521 762888 103496 636353 314221 398693 968504 941126
213676 776473 575044 270731 577780 182949 766406 987684 293939 704161 585750 897462 917413 227867 197448 109357 366213 549231 504105 636658 331839 305128 238697 404229 529724 455512 650425 156664 184071 132279 940912 980805 299532 642585 295983 660124 320107 531812 511915 737277 391919 940663 141294 886866 482876 520673 586470 474876 294126 377185 794617 143762 554288 789174 392541 981822 241143 519288 479673 912480 158386 383929 887101 388372
323812 902984 303303 829696 588286 978326 293548 142122 202343 454494 628506 365897 322691 920065 202856 619148 263059 641947 850193 867585 151658 673043 964502 684200 822692 483895 323435 501104 464597 635093 794745 732882 865448 633528 124041 811386 119455 376741 807530 566181 276338 717003 271374 996974 826510 619955 519145 580682 314240 184292 575632 972573 990205 794663 914555 802548 487514 357572 645666 350060 964855 789243 992317 242299
316622 772719 787171 777337 776474 257802 481388 150861 406967 979732 620134 451590 925668 651811 486820 255112 508212 891378 216710 524204 868124 147861 491338 536815 682035 447839 658832 719014 391294 901526 394018 969206 553791 301903 387444 902253 111635 907847 526222 598905 336385 766689 441255 236155 809030 421466 174410 578164 201876 684300 445983 229324 574273 749631 913464 159732 115015 586684 722299 244813 473946 892041 651101 415598

889235 109262 129694 197473 553658 895846 724326 281959 216895 773907 703555 733966 547549 986216 928824 854341 340332 154832 392718 497970 722165 272724 270200 684653 547380 727539 312292 107405 788924 442191 762234 524074 303124 824516 783228 453272 645511 407611 925205 953768 576588 603233 632964 887450 391266 613283 114653 241115 950501 466306 392016 715823 991145 194129 269803 559507 773305 689797 964724 656266 649092 233698 570992 633496
955758 607698 631593 806708 775977 263095 687490 795918 426050 850279 697866 577425 825244 819965 253760 828810 804473 621933 584088 856416 920159 990715 444776 389254 242203 521803 525040 583469 447613 272654 994284 270691 539200 173442 331338 923560 624189 886511 410352 706698 204708 877973 968509 168354 374754 193757 611076 896478 490484 410888 898503 655704 970104 438592 788704 122064 817921 970909 704575 276344 383215 609596 728447 895765
633128 164384 416181 737544 940145 237298 789004 949101 914004 802694 437483 590806 122777 896811 650700 958710 739870 161251 639503 103324 139948 928292 511143 324009 365015 230981 721581 685007 638876 611048 487420 133617 214777 721895 400066 868174 130812 144150 512939 905764 980342 895931 494600 357591 402571 555181 197821 445573 122667 235782 265557 332788 591641 490679 571515 113414 436218 406587 596961 362227 616948 845550 371402 299096
657129 419345 558355 395286 729147 261805 237518 358276 314225 910659 352800 370213 557172 766914 752083 599958 880348 552048 414001 610232 980363 856134 422651 868225 194727 541422 648000 839493 610273 550795 605470 941782 148567 443762 547525 186464 145216 327616 736954 406525 288402 456995 178376 197799 970642 174788 982440 721560 187565 867085 719942 935221 480869 407186 640880 944408 904489 408811 237070 152493 960682 167688 404611 283223
671316 872848 502004 250014 499901 163974 903173 859940 346036 963217 838133 475947 814221 517382 195468 777815 807111 557321 918692 346384 719560 575032 890386 331615 938009 157839 977528 398876 762619 354946 203513 365831 478355 102350 397053 663552 972410 285813 270907 313336 827127 830296 918587 564132 532751 448900 666144 525477 832072 328760 955056 572363 165433 290751 789227 553836 688090 384210 702129 492208 526442 996036 352890 768083
990755 347633 556993 129730 224133 592746 764348 547559 471408 460788 354088 242785 967193 268558 772697 144441 364181 856294 115693 752824 951738 929003 805226 518868 208806 873317 680470 929144 470956 334864 474089 462032 565876 257314 448395 575808 260563 142334 994187 292221 218766 537753 640302 245162 336942 498158 747821 760040 529796 607071 674189 844238 205573 225557 440344 904839 236552 198894 264479 978143 792913 286223 291876 981032
478354 116847 195855 462466 607562 307949 467307 195443 762077 436218 752109 289922 695229 757380 599820 906485 895913 162462 771053 438298 480104 819914 564355 343356 361031 707079 472030 577027 467170 561920 174505 296249 752188 264229 243753 189380 467543 180887 522599 401184 900068 778434 256960 649928 586156 777872 771051 375476 913486 496507 216781 710322 363726 802807 581545 329159 244749 296552 794976 495043 860826 299775 125646 560966
514163 719481 671342 533395 999444 687324 169802 770447 654256 557728 527584 323249 498306 112051 239838 284995 617201 976445 325099 100588 159036 637482 874565 152030 610535 235229 114530 278787 966785 558827 756973 669954 898634 372002 356255 510961 999491 999418 857105 137977 925549 451851 432784 715155 815732 176027 280106 950632 617319 561374 873651 239859 269949 946087 234627 354983 127790 806383 350115 966549 540195 454453 372193 342961
850292 747313 762041 387357 454417 213031 143475 704890 425713 469291 762163 406970 465631 457694 308064 614103 322434 416581 681875 810500 861937 599859 898989 279203 530511 843272 119281 716764 323492 217149 294485 162498 837008 331767 989153 609763 973996 612921 547073 890909 330272 752194 528094 656715 276666 457497 569191 174154 452663 495905 222866 694050 287501 332772 643694 322080 133873 775155 454976 971232 420803 841586 450097 409738
734952 103835 561606 685682 784369 363568 871260 359084 706989 592278 972235 433048 445399 682254 499408 446837 186072 590741 382956 272980 887558 641842 574729 893637 175776 269195 924126 868837 614188 989642 636355 146151 839245 225349 985120 180699 121588 741324 290676 567937 663344 408497 166683 549904 990500 593033 533425 693891 660439 531154 676475 905355 527215 680130 103654 308211 657660 906955 559451 403371 992905 633074 780746 969921
352554 189301 911301 598586 462644 247984 500194 654640 139988 179257 504766 855080 349883 609936 901821 304774 220096 958377 943301 547932 572823 166192 989252 168178 796691 199230 599005 392349 387249 494278 350346 820332 901189 641106 245480 900554 578665 246344 238628 682007 354141 166806 726922 219324 263678 409000 245196 800240 626547 352362 743737 405772 384707 842018 845163 234944 472994 656128 341748 635221 545653 167043 825239 679046
449611 177059 824465 764643 906343 827835 171576 652099 893759 173498 902703 668901 473422 974956 947766 443818 127439 823941 118086 387387 277586 252180 516489 402307 760521 292960 303647 141526 550659 389971 936753 815820 891260 172637 959400 933219 125623 595648 454571 700824 979645 238696 937065 698412 664780 968742 206508 334666 816542 456385 520687 312510 948900 125503 454594 435054 671691 191739 450162 693567 796704 798272 679038 338558
467411 405237 532200 242568 661074 256887 310421 657429 800875 191922 442473 688254 348908 765528 757035 522093 228298 455498 122905 938631 506398 432968 137450 564446 267103 590522 424981 279642 241375 478143 524909 581293 831900 327364 311956 702537 803576 239402 349371 665066 514214 431212 415643 477942 599468 546130 234892 690426 637635 630449 428911 672434 808189 879020 197897 762785 829554 573173 199662 731209 918037 475230 718480 450453
806322 495246 308612 958918 785309 826081 940813 828530 531592 371217 587441 427946 996623 894280 276217 609104 338863 447394 389504 941957 444595 585537 297209 525048 293183 127801 838801 270677 632220 240102 307180 708113 469976 621853 313159 801562 235057 207675 958999 877222 106226 592961 949855 780085 580755 723347 655027 353229 258519 711795 970060 472084 396153 580644 986177 250400 496751 312571 504493 233423 527713 644478 270956 604514
406536 567169 821346 422315 130209 855393 245286 495486 454425 571339 907854 240747 866714 265716 238088 716878 652830 677542 785996 566401 319559 209527 257686 742336 285314 830661 765782 202569 797975 181533 651059 875763 676160 947514 435661 747483 265459 464447 256000 520193 819354 247583 473554 329433 870389 556410 560929 905584 551299 907363 939872 418265 260775 409586 923763 879105 963108 610085 903963 521944 965268 305559 141087 468684
483007 805180 636973 858396 671574 790167 137299 536081 719540 528011 205479 203011 395851 658091 794972 849971 831713 851343 813137 111313 658323 947477 815185 895878 465279 533846 945819 189618 812250 963365 992350 987278 303616 267491 375371 185577 463711 426804 560939 955792 125802 473120 723966 318844 409433 916508 276736 611106 528347 511494 581087 260307 567158 217519 597614 560149 154546 228887 330093 651935 568026 273896 334091 631184
657080 263843 352676 710557 259661 558657 992104 482786 343894 667054 550628 602366 981476 819212 881448 603133 454356 111541 846712 267022 283974 145973 569950 711488 420797 545719 293343 430611 937142 462302 289709 356029 726346 654156 565760 145372 105736 244390 461385 954975 247802 458711 536156 706510 580863 225461 463278 538910 984852 400195 273176 360674 856318 145327 962283 111655 290812 605626 282677 217286 322606 461433 386221 289484
777891 617968 745235 627849 447142 979824 675673 228018 222376 513518 382209 807595 591009 601979 251792 467768 743541 908846 586949 341387 911633 561140 774301 824093 559633 215540 644450 712902 662193 948719 781299 839671 765707 192779 910428 566103 549351 656192 559572 682367 682337 917268 857497 809565 347045 720357 933608 153013 894821 646935 171649 229571 384115 630034 589731 733477 360756 784423 398005 404926 675091 904546 204236 598385
486585 475388 522374 313952 706419 983363 580414 750212 921720 144348 479367 498920 870619 373509 786268 837233 865725 341621 132242 806449 206893 851294 117225 776597 976757 603841 557568 668288 994515 159127 280282 343066 641898 533931 392590 125182 458914 106111 992996 117045 577121 979902 956826 839850 665743 475173 237659 760976 250889 792779 439455 812747 153334 847009 656297 851231 325945 291709 230439 620362 440899 586490 649864 394231
782269 247014 928867 254150 180627 190333 512719 545697 146292 529021 578069 170743 912401 641608 109626 237904 883768 611011 300675 528377 898688 689487 975858 909694 645878 588554 116213 219327 848238 376977 213159 727215 466320 167831 501567 967693 181430 442964 436053 521626 912866 585646 946067 414583 966790 214630 958732 736130 393497 545548 376441 158040 483942 854558 342898 390382 713404 230109 169539 155140 606385 997986 309701 755258
188548 646622 188840 659310 457029 733245 409161 827391 113044 722913 774398 884234 991901 862854 605827 906232 120467 799517 926142 979765 523753 476897 356005 751733 776895 712317 661315 300122 726527 401016 215402 412173 951781 791712 728176 339262 512426 768491 769796 714358 521845 245585 505373 720856 242239 626267 365783 380146 191588 353158 221076 775380 683673 447003 768829 465517 214573 448769 585834 432814 676802 482222 798951 487103
789280 554519 695922 362303 202111 704405 601586 325114 252137 806365 328237 469867 153673 432737 181134 983509 165830 810308 908771 616491 896037 918003 821787 713974 292747 675056 223284 584689 722208 865790 852702 524531 156709 599951 937155 789783 388324 174946 424225 173767 954772 747416 234314 239164 810803 615269 308894 812222 308929 266280 699910 403285 341993 109204 605247 856997 803676 161344 682872 828230 317734 530882 409136 215305
230933 716889 535316 377827 698917 188100 392851 473521 923315 997243 135463 961013 988276 324085 322466 936836 293403 528446 657598 621691 599323 726519 973318 623744 336055 288849 645292 636561 527263 109103 156341 354842 315795 238887 728363 766049 684654 953643 254655 618047 525909 431541 640107 999520 912448 138753 631489 637535 846632 302689 979153 195162 721016 811688 982619 180992 561786 256160 937619 195034 887156 834918 915732 585063
202882 177245 309898 418495 801282 701059 361573 138227 672924 416591 153798 378646 553919 392988 637876 734299 916525 568334 392987 903340 692961 865398 114050 792444 624638 328541 804799 618394 316603 736850 538413 631365 208531 207511 394604 484677 886219 982820 419680 830892 276527 257436 796545 703570 319449 463299 632274 687534 776247 431539 481914 413741 349239 233877 677148 210443 458595 107615 479030 829178 634211 250701 771780 866391
117372 340753 510778 498224 882514 419047 765780 368379 875307 510517 901694 675866 739437 518463 166155 249389 911168 237767 991393 407990 396407 351625 724492 110692 793497 531647 213713 970938 605063 656245 987317 108113 596760 314973 468374 873808 411946 215432 442635 190414 368052 879885 323781 125622 440683 979405 554875 943126 989875 295492 149003 854427 919776 859505 381205 305568 172683 696055 880122 314352 937964 726908 753726 502847
608656 177963 703036 305380 430912 950415 299386 495566 516698 788154 859302 310503 531416 360717 263922 255952 652888 940451 986394 541141 968971 676273 703066 430566 297989 380486 503094 642787 525442 543287 358754 523272 694221 125292 242559 683367 779357 110251 530323 630293 480538 912378 910179 426250 804487 467311 903622 435629 300669 465430 418488 943522 764610 752445 430068 816250 357608 582182 343431 506709 755158 453559 797878 797590
575866 735972 810126 647606 534756 996256 280349 786120 690865 242827 837978 919486 556719 777058 681835 483511 656382 291250 202668 383432 210024 249374 611196 946265 717066 795016 675242 391148 181956 433107 530364 844053 323953 280952 941161 661121 346130 524133 789181 242491 655953 420098 587634 975974 748995 312502 740049 475012 329185 718181 653231 349759 622285 280526 776167 906756 740142 184419 522372 387613 910838 774673 707085 850009
245340 867302 188512 527315 277963 533121 169397 273454 335767 957019 658273 943964 950616 899496 302103 662022 122307 241460 788346 812240 413570 302638 198883 322930 518442 476561 732599 773072 255298 432810 225641 240343 232346 283868 602981 724789 757705 700943 860881 402009 797474 335260 972942 865362 352189 456090 356476 593879 605118 381891 816888 489390 836164 960544 991847 169081 414099 533254 135456 543814 600632 450402 640094 466471
268448 103298 944799 170701 512583 619149 143702 930841 480930 204837 184537 999648 908435 198495 259823 118309 517466 199295 942341 905497 892125 570098 549887 185863 971942 195914 916350 622786 303278 562241 203827 508308 689981 319373 301099 194227 358895 817196 454948 803766 951707 886881 333558 996595 682156 232058 878637 646701 352701 171936 105661 412543 606763 196981 586049 751633 591348 229127 719909 584539 852149 727218 376217 857754
984277 197951 650276 355558 898990 501704 950256 678165 423197 471451 383530 113428 283263 658740 904723 702701 118305 372880 586268 496832 568461 636459 630088 856721 741444 220315 578622 920492 808369 579016 487150 232840 844369 944297 599973 667091 366779 819966 153301 611795 401215 102425 284905 330495 294966 861596 383152 891750 722097 842435 369993 759963 680600 516806 458791 992331 495463 995400 820907 630692 940711 514878 900548 677639
148101 361652 331921 912222 746496 724693 639666 478416 284593 525425 348026 868275 128217 377874 234225 570296 860936 602857 214694 437145 603453 273663 366565 673036 931665 881389 846479 622561 253331 494859 145066 964431 958280 370922 676262 917854 740186 889109 250147 703608 158781 830680 890177 926570 286740 287703 288590 484742 830468 325000 522069 990144 970994 520124 240616 608200 970193 785641 166442 832519 312642 806187 219946 441184
967500 121731 529737 757485 937482 405379 707038 378842 457982 275078 276476 518008 246259 231691 300936 975410 530089 638608 653568 896291 304962 569590 656749 634329 725923 662565 102014 845428 565845 957217 150694 194111 735588 493305 715535 530741 655425 974346 243209 501051 189993 838104 633810 399559 789979 339429 769109 533474 805389 892552 962718 952978 901161 182990 102347 362326 514038 295472 272649 660025 804640 247994 659075 977666
147592 327574 599012 905244 504026 600647 216127 348535 734409 608624 335676 463949 924580 993778 668540 314412 264555 737390 892369 871861 318806 388067 907899 661189 796301 207232 633905 193722 568875 445698 878365 860103 885160 309941 435439 707236 961256 645063 533297 124098 250911 785369 782988 558632 650464 874169 705149 316590 907857 527835 221286 945033 206330 308126 932837 370391 389558 156347 306970 872805 622212 640283 545397 660897
633417 596520 681966 902463 909769 171392 447118 869777 929269 246033 943175 472984 578892 779315 194699 729081 680157 709851 515995 655819 734230 649039 892218 795964 426312 677059 111116 536853 852930 781505 718500 529127 865179 423431 545925 219336 378380 557312 193985 286296 619828 317364 460499 127516 616233 832132 673765 727389 460842 964331 375079 256747 984114 373427 446083 875439 712295 643504 918469 594166 575691 394788 438734 824055
344141 350297 540942 616441 687125 735516 719340 224170 579510 372756 890539 669891 678761 119347 641031 843989 720379 875070 996965 107056 362294 201329 767770 295095 927051 743392 958376 549448 180014 872300 443262 659421 892348 808321 368142 555394 682518 184954 716306 938923 761277 865288 186718 182407 190627 530763 845904 398192 584722 457440 587589 136274 722000 336775 868313 461066 761008 374050 167526 654082 936611 193002 974321 702854
448508 356080 124596 350511 787431 416359 626572 840689 306464 480789 533631 848308 324833 556705 244507 233927 785734 969964 802886 840227 417338 717060 681725 957895 925585 190256 183510 788235 449464 894699 176737 595090 651912 850454 409464 586964 581011 994253 826420 227350 430040 668779 148814 437841 416013 736017 281507 632158 135926 384864 341484 436727 350509 709896 957953 865777 810976 136771 401086 110932 641635 312310 810460 787731
713841 416151 198133 280661 347282 235859 653708 557735 879740 520080 173458 386017 772937 567195 370552 862778 339403 133759 492323 645824 669999 209169 842373 216924 233621 209702 428207 974991 737721 217099 457233 360535 881101 620186 385583 249527 160483 805194 383973 989874 712427 802859 712946 803448 567974 367026 522640 153596 216907 179790 879250 230153 637505 421609 575677 939627 508793 346072 590478 231536 650461 545903 554991 377716
411958 769681 643533 735056 806849 230700 835621 677526 188629 296017 413092 551871 305988 760840 387229 744950 108545 752799 433783 140052 697600 664014 832758 120866 335208 780392 927292 383558 786443 647466 595549 560860 775467 583865 653827 357584 335441 380134 308212 323764 938402 220174 754621 745529 229520 750293 370993 670513 496478 869297 305072 586185 603241 548607 219646 130234 861678 682300 212706 895308 199095 119322 464370 455895
378137 292515 406663 198429 627605 537003 870634 843753 796074 631404 450926 275095 394168 650386 934530 411589 854275 664471 761270 870407 850033 142137 943435 445400 375977 510378 508728 726711 802757 930886 756341 994812 594674 768302 387633 512811 558264 224762 211946 877114 582875 538134 882869 864612 397350 659307 560827 635528 481654 125106 566642 701415 889074 196973 974940 292755 751530 423895 624030 149293 692227 264743 941654 815914
494226 707059 471009 235565 253366 282681 765522 262671 799776 389697 779436 649715 309564 250512 882243 959510 746083 199414 588556 569082 601478 398078 779900 917680 720864 279731 447747 892711 299935 444668 806618 678063 641146 708164 277613 588321 638455 468970 389462 546850 451537 317284 162288 711285 107277 642492 904619 197801 721919 423134 736657 137739 888962 871029 384893 147642 629082 378508 881640 344593 982209 394322 599683 108771
194465 206699 831264 387797 215570 997263 297426 506166 695840 642163 991816 733098 803891 173905 773503 504036 321813 382856 269136 941857 119446 744696 563369 799277 651003 266894 608315 651647 213373 414083 414780 588744 786172 252400 293784 414941 850117 704855 524617 123589 722183 248613 103334 432080 536081 547997 167746 432747 291586 184202 200280 993619 490033 629953 944101 390096 778077 788702 211812 886883 221242 752118 382213 805551
825708 996974 245216 248770 256352 275064 549897 980357 538538 623531 976609 715493 413983 851853 939722 144100 408915 605222 434456 128358 725021 944440 626349 225325 712720 730938 668931 220465 117052 263808 326535 544450 703083 802006 865478 230904 835414 751422 772614 122722 851034 866357 534293 354287 517016 336981 805881 704734 514211 396289 843061 963030 524991 274410 710126 897827 332781 244582 762554 267942 293286 558663 532128 636833
522556 460748 724235 440139 519557 801570 141342 149046 479154 159847 170775 749299 273193 139143 885062 256458 593515 207911 266894 760486 863136 858230 745717 322629 979773 356356 224577 731251 991300 674756 424896 446496 269325 301345 989473 677918 189793 892949 541991 743140 592980 281971 143379 915582 524969 584458 542692 558917 196034 274844 759047 583176 893448 101865 738168 344280 156869 577833 188656 429302 440576 660864 291173 385025
537196 702215 984300 507572 941165 605240 268221 953296 680060 182706 272504 628195 549658 595565 338034 858864 908981 571533 726668 619686 705715 716004 694793 663874 119947 523758 377196 842518 137721 135599 173978 117431 808524 414495 781096 152550 967258 290703 957925 487179 497060 257827 642973 741438 414109 128130 263332 741160 177682 236718 210123 763596 724021 822803 274950 265798 953461 907906 801213 296926 853871 931987 769339 310743
612430 537048 125293 561335 258245 661707 112666 102934 902733 492256 964002 456021 375004 297747 214239 514713 237052 498712 573046 862317 786272 637477 765663 321509 569113 457953 529657 793985 255210 847193 179809 137548 105889 196760 624578 326230 897637 475105 547917 652385 315673 633963 556012 982753 166409 319385 272887 140021 798333 151362 150778 849580 299167 641125 322972 432353 105991 546992 548604 742094 948236 273380 513897 389479
969613 767279 150523 424289 242975 933522 800511 867956 515051 409357 234140 771401 893522 176152 521306 646965 177237 643911 514279 171414 584290 820445 382969 362170 532754 489380 722039 273488 834468 112545 716100 622146 390898 228089 326111 259369 424747 965816 969404 385962 212309 640348 593510 389533 210897 252449 820374 766737 887760 215774 164803 306979 939042 648961 997867 625678 998785 901496 643169 380717 401790 486340 532946 447000
726983 694112 115598 438616 345500 463050 375271 557156 663920 431758 992519 775590 185574 944830 618442 562516 633497 598196 779102 500800 987561 679975 295958 106331 764394 522239 529411 419012 573597 881860 532380 577391 948127 472208 731269 447059 187113 637248 828190 703445 574158 627924 626295 864871 331753 742960 982033 814052 646341 584760 312686 557236 198147 146945 582271 829914 930072 302709 300641 399925 454929 189821 412879 147292
908611 747611 542252 355027 247740 369957 882240 383481 753667 895095 232525 519321 594415 879870 792379 942598 113154 225129 747072 924616 826484 483960 872955 561408 761121 539344 561089 128829 233160 782445 103021 293185 931456 804660 803082 359434 200550 491192 555612 336833 535878 775896 418787 780101 500951 834883 997597 276104 280244 941364 350496 207153 935273 335679 231057 579728 489446 159552 238880 902616 727776 863751 460797 499222
587031 685680 624183 650191 465026 917684 144086 877339 105711 164955 946369 957574 612304 389933 983419 248995 649459 461730 793078 180377 397839 847588 150870 740662 782313 805299 890682 835436 218227 986724 282677 262705 281246 692607 303650 878906 547433 757389 220791 107464 361104 547967 365349 207094 319174 117078 467856 566053 674892 712219 541563 248329 488347 992922 174753 955697 429943 316354 141046 822579 917140 394711 165697 232344
231647 251106 478647 654558 831678 248247 732646 128304 416108 684177 655162 815980 169986 291702 308344 178099 945231 158564 694147 394959 817763 253750 329074 569301 458652 583754 360907 548225 800493 843673 241823 957339 958434 739126 429585 326804 988450 551639 608289 327482 717507 396382 244032 845514 809456 503414 694002 328136 978720 493681 183381 663127 744690 769002 488015 628362 321810 107576 335742 509851 589860 155726 658653 436809
256463 303101 396017 513431 695153 762433 473690 681038 757092 462904 494523 651141 163383 865890 294050 996993 111442 445498 150173 702737 134661 399017 667323 786094 644524 392745 621893 636679 422605 606334 538591 663155 196926 302933 154152 328222 323727 502165 665280 350883 565925 781155 366035 720060 966736 467066 552233 295551 615623 219212 579925 655574 778138 780877 168752 939577 507603 154689 291996 571782 479056 190495 403571 899915
839462 625882 914965 902704 867314 556597 521726 251822 423924 664899 159252 957261 906238 536308 945139 258804 740097 991463 783996 985400 295678 491993 368867 380849 962612 262209 552605 969788 985318 955578 345139 152065 431944 660370 420929 240105 205837 499181 554152 451366 963807 119249 646346 149825 984316 582455 351331 642973 788570 257441 662685 381985 279615 264044 147881 172795 498212 993230 829740 992637 778971 424471 175919 289567
739402 181213 995469 633681 706048 463656 692474 349988 193502 447475 570277 934893 454995 351538 699029 940499 403927 669238 265335 555901 157846 325514 647470 723951 528435 853664 420302 241077 264250 912974 841155 223012 806578 422282 250458 160057 857094 221123 108479 496932 978921 193084 318116 149630 812387 722786 864883 537051 141869 238286 576686 734873 193899 984298 648769 646963 947724 403820 445162 809734 977847 619545 779447 387108
474566 345960 400299 280917 146220 486394 185301 714745 102955 106111 128387 674397 787145 293859 850290 170447 309105 226743 657936 957801 841453 486524 115607 237798 666639 253695 430374 544401 564695 611840 664816 975431 241851 153080 759066 359773 178829 226355 609344 283592 988473 359143 187408 134985 939017 542845 270939 321271 910176 844560 609237 300110 527685 632152 871768 363489 949694 547378 628994 353568 324172 389001 361738 422167
992840 370547 911784 407840 482698 605631 765160 668648 179987 881170 271534 875403 604749 430996 137123 349952 701619 374740 589123 595082 821060 310900 396595 405951 501838 937420 217753 937830 762003 873810 701084 535784 107963 509856 467322 419069 778424 108068 719967 741687 377057 542517 965846 397776 583894 209218 149369 517818 209114 114781 194697 113222 757465 446626 440603 736997 795007 468718 866193 136262 499969 661140 856546 253409
120067 579206 765387 372781 995942 139953 859901 202237 411294 326190 405532 221520 394465 341729 838292 303422 497964 200765 135317 894892 690940 342880 707055 419529 136909 227851 653419 744896 568106 182685 147051 473943 653967 902977 615578 389924 389194 829326 253681 798153 697358 125388 421485 987573 214810 109646 879179 313454 673153 887689 855492 454043 480477 831641 444898 461394 961981 723512 393576 603752 862377 781731 149321 774749
195854 533416 677148 221946 145666 930203 986469 957493 389627 813167 535292 686056 213566 977419 260886 529994 906949 156011 638477 580555 451342 295020 885492 606941 844855 673109 934004 869284 334804 422215 988835 433146 616680 893017 151869 387681 556004 501078 150204 639713 896570 185728 566715 853308 275587 248129 397944 216021 680747 484934 234128 143053 566816 442250 387374 354194 821791 569349 546881 679834 819303 648250 230710 209069
441068 155582 881920 987937 324204 635352 780141 268799 883365 701309 271087 781013 224322 572059 875118 792076 674276 660866 243209 643540 659858 764267 363702 632628 895192 925261 150552 390959 449541 538738 964020 612831 774824 138358 727977 146561 340524 728986 342446 590929 923261 472298 265799 295195 483197 560549 502150 545136 753786 586450 840738 449596 576785 991903 944937 247964 113783 650353 779560 656936 598995 122879 165343 944050
872382 332186 444724 622240 409161 295228 232904 109973 240024 632293 407183 661946 660040 853872 721363 655381 576257 277387 600375 708361 124743 628642 127623 682009 675799 164511 345428 887071 683006 987840 642894 748097 553314 218898 600670 110585 810457 687433 254168 385261 669646 320403 953835 954734 373616 201000 226415 484665 196971 596730 943103 532519 108269 170765 426141 864362 202178 818824 216723 918919 989839 399635 882259 318668
515091 368532 374917 246546 216706 708684 578930 639818 603893 941953 432469 176916 470687 468341 274631 127427 359209 263073 476375 929446 804322 119733 169319 857847 612609 375236 581949 819061 755454 529669 602753 680520 596707 790251 537284 467705 827769 529994 456978 472385 667009 976692 360403 993463 514913 300978 765107 701826 950192 719479 731693 686976 808690 800950 391661 853633 332517 555201 771288 343964 212655 526562 800468 977273
482830 196921 364894 419814 900744 582030 889800 875632 859117 162314 464028 843728 241213 156776 111182 232795 258845 942273 439347 373246 155906 758436 162609 748005 835933 934524 450732 665628 184582 992288 228581 960734 382220 887712 161053 718211 698680 279864 248013 550886 781872 126384 763370 735441 748517 623967 366921 875233 526849 908199 406394 486417 940674 816527 694444 770178 880699 509083 681229 523483 786138 750651 825192 533503
359412 886160 970895 376393 116088 731501 121182 220898 354562 143292 692540 693974 438685 396190 655290 155971 524512 381825 318955 635334 686565 443586 685228 715555 634765 465272 369707 355079 935823 136169 844521 759952 809432 391510 640903 577886 897086 146489 526196 283782 741139 682497 895467 289619 945058 937552 187324 462534 595821 700938 830843 987091 531248 965965 590453 472596 755044 656310 858511 241166 447603 424808 519807 477952
239196 758904 204011 330157 386863 486198 912143 175047 300922 518454 466863 569277 241839 353992 674273 402943 917702 376415 358733 791444 201587 518590 602427 656450 495709 537305 914820 612914 524644 574862 288174 945206 170621 591330 654861 154458 478445 455600 762115 897049 581475 290048 949713 436722 307761 143245 895509 300406 278998 398388 242775 759881 865119 174543 413393 783399 248447 156991 912313 842340 598478 661092 110085 560314
853690 946323 934176 478687 776397 558296 999583 921352 208547 609588 580450 184042 189375 789196 119626 866041 174001 847020 780379 414930 141894 817935 393820 650234 575685 288204 795671 101125 943101 616873 472344 684788 381541 813320 517219 678634 828843 122332 462120 781319 211321 165448 308387 609011 628235 516895 687047 707004 194782 719508 134950 833657 562918 626131 341136 688289 403086 801745 954255 650944 190598 573580 868201 797010

