453968 849593 488828 963156 689356 986520 555353 947858
786305 444163 675145 891380 103712 362732 364649 266863
651891 403823 384970 293777 914215 787621 221745 576164
185995 975883 126207 278169 333821 327373 358784 307635
316848 361566 770073 860498 179135 726283 204338 391427
130052 727539 707027 697650 173964 274660 638216 551375
736008 979079 844950 947828 369894 869417 310794 894277
557465 383795 426916 939248 342761 956831 923997 725682

836239 939522 342921 635699 576690 615931 988104 123948
249260 231108 549651 954365 103070 807881 303357 317126
212999 638080 327736 738050 378134 116651 724927 118933
872169 529710 944037 264354 700974 593067 738949 272937
340730 304901 887000 388766 894734 778403 514480 615696
242952 727046 209650 866975 201700 716616 329901 454647
643192 197890 680706 881839 969790 171343 881097 927578
846059 739160 763214 348121 155637 651105 488134 365798

