Result matrix C:
3160258904686 2869421020370 3949837360872 3314607925291 3082752252719 3220965749580 3604292415962 2916119418780 2982406435641 3406119362498 3632489202643 3430389099471 3804775716526 3254661527203 3420912742585 3556271452121 
5641875697729 5216739884305 5664598427453 4635389145677 4981573228133 5316723658006 5340022129840 5095308592389 5032182046715 6038490875870 6417499283556 5359348040509 6218246548411 5675193391252 5383370341067 6466803088297 
5525872074014 4903872975814 5176178736725 4167163005676 4466408727933 5023886327964 4996300690523 4856326469395 4532672519514 5385400755089 5682782598807 5050493741354 5978044079399 5127869132458 4963345778693 5737281335200 
5212673873512 4591972652124 5145697834430 4739689738502 4623499365877 5194649818053 5009583160313 4878646733468 4706996966540 5185998806061 5598633434145 4776639931655 6016783151691 5137756183581 4847088839282 5289056789647 
4321031759587 4280148067337 4975187452148 3963544621240 3844845523453 4503615022664 4763982963198 4417465668211 3975162345119 4581099228972 5042647746166 4613246706834 5432925619092 5188913536344 4877458116739 4578677122547 
4600685683218 4093423439525 4664442245957 4662832641579 3860448735176 4706378202050 4968058439892 4281096756123 4520963537471 5115444618837 4972655266571 4537924766880 5838409950088 4337191739585 4799906944231 4787151905577 
4505536665671 4061367734643 4593846530524 4037388078265 3787378731370 4234244755278 4716700706523 4180219990647 3884082266207 5141760053879 5024629316636 4687078621568 5202454359039 4757046300731 4259912699064 4911813233797 
4809678168850 4088477026876 4598020396768 4237583678193 3837093831543 4358245465417 4796150393546 3935945066972 4403491954700 5385046043152 5016753681471 4421431059049 5544843562482 4773381924064 4689064920957 5265540338314 
4920566729376 4046814643865 5267656831332 4496291814253 3402907263984 4354684027066 4859558044137 4460663479271 3710679892528 4825305556669 5278752703102 4855337151957 5939371395337 4671314912183 4668863575172 4689282662242 
4525669743594 4688588759173 4411350452938 3671659048446 4134000362235 4380868168934 4479012311588 4061648715710 3920203140230 4916807478212 5215811619521 4623325321140 5196456716016 4823889389339 4148964071574 5179414395380 
4916171437571 4983933278910 5629279705857 4483313359283 4713689734810 5112816636629 5490458989977 4551811119196 4855271324623 5478788937661 5697208259880 5028485236039 6022600946253 5796373096033 5578853105190 5958391215439 
4854622000919 4108552494600 5089862758923 4496111781549 4014858814080 4724772392869 4774367404405 4500891913437 4264430025500 4876609399550 5797289364782 4585870141775 5578184174676 4434055256835 4934226581752 5605796574839 
5370605721413 4811881155563 5826545606255 5029519305728 4654756579528 5404581536792 5651178994454 4874324879290 5425600443663 5667573040585 5936058363924 5034365793929 6409741878535 5863731409094 6017323056236 5778441572350 
4647036158918 4919307901771 4660172893030 4150683968506 4719051661675 5010780513549 4943210373648 4341446432643 4798352617753 4693428362127 5707290492856 4495782012709 5291224147742 5386676738523 4755251537151 5481514484999 
4823386197282 3337705594669 4554508924575 4142847724139 3563774038403 3897071582615 4160724187942 4212038063314 4070337327977 4685494779456 4301806153802 3873590303859 5116354041088 4670181419635 4574970127729 4295249604115 
4181012592319 3993279226696 4690117105782 4255918556050 4216416650407 4630986908984 4563275684221 4488346723829 3908888428400 4646712832361 5181122994571 4531549811110 5103249241641 4155111114482 4201542094178 4653261311446 
