Result matrix C:
9340084746478 9515272916865 7955102661665 9869760484977 8531750726748 10626582104064 8588948877943 10178875120989 8822149340982 9320321966413 8656643799869 8409516680483 8956386477972 9247001460373 9984968900846 9520659951951 10923298152076 8044650328373 7900702286688 10202128765712 10680902950725 9554186507034 8962005585458 10471938936839 10375690286206 8072787765287 9337616982368 8854702661185 9306480605117 9317553442597 9013558503165 8209346222879 
10085534189146 9955009215666 9403540335662 10346228637199 9692265500943 11911352217568 10086670707692 10449557346216 9276465970751 9764396764304 9960646658236 9416279924828 9902036023931 10365046465633 10237544443586 10362880306993 11995031337534 8940501661181 8659221969230 11585333585539 11261690812648 10374207654622 9618754610412 11503018345398 12229214987531 8984200317546 10307192839181 10305606373592 9329388918748 9787980218634 10196495183089 9618768656842 
9792442099936 9884619369885 9145898167896 10238283224467 9683016329603 11340977193587 11046730333863 10579474146057 9621546239720 10381858588327 10360445825508 9921907261930 9749489208236 10439213495210 10051573932545 10336999954528 11463722483170 8684016950442 9483901855391 11658578698899 11741744079899 10238015527833 9399927557116 11931263770307 12319883197442 9383966355462 9947388069044 10203768841610 10372136326357 10532556396009 9739616253719 9321140250957 
8556669054906 8657414700116 7328363235494 8646277813944 7597176911285 9479823645426 8920888788519 8798882436673 7930878383772 9767380867627 8250347472033 8662055928283 8274135817306 8826680342913 8273639273094 8995242064402 10222336102547 7021059256952 7390956225724 8611178688900 9880297143588 8037484386758 8587559600304 9862833614297 10358468990669 7960951008539 8397900947497 7818249059569 8116975839425 9228649826469 8240530018409 7761011387410 
8965828770596 10155461844427 8276139866116 9416614274828 10069482851372 11414377408817 10307194659747 10834818459857 9683841314439 10715650952521 10073041010030 9900886362830 10837823412396 10009911471135 10528213728718 10597817854519 11921597955567 8664821200223 8641726232883 11158800182329 11227134454030 10190669698570 10097696829470 11353463255816 11790570605263 8926544472225 10119316521768 9302099475215 9901647193332 10964523758166 9389242088377 9700222392640 
10437865105543 10183673714704 9410391976895 10130896407979 10767443353030 12490259413935 11081895629990 10927391809757 10002821673506 11320621624329 10229959190083 10063679750913 10455509820319 10103036609434 10761688250308 10018368427218 11232224500535 8756714187755 8812976726338 11182639897502 11951167933198 10038256596251 9101607237349 12500721942536 11859772156155 9799237971185 10443314643339 10254661579264 9996634099027 9909194288356 9761805583904 9942597595451 
10802800110459 10765250607469 9570112404600 11013513709254 10237945909712 12440307254180 10471786839038 10925883889620 10376015952813 11192069896201 10409340972185 9988078448667 10688524654807 11318501959744 10582899947880 11691565214155 11844707431204 9062278973752 9558577810833 11885706004889 12535476985713 11161999508464 9877897977691 12608456315919 12808322734116 9614810751472 10860455533060 10509259528465 10684283842744 10823422175922 10346736263920 9752128202543 
9401792417438 9157866306761 9004348018153 9754854185497 9007931342151 11716766235925 9392624416005 9340213296636 8799852556136 8906729874019 9043028845100 8866118507483 9967488706960 9296846425407 9944893480029 9710516383654 10806929040307 8098272544349 8121131332260 10360491103290 10930256355764 9904235512909 8900410988297 10782917412987 11164827269537 8352320867343 8818348248101 9346065575066 8945884113759 9366157118082 9620707939779 9248624945561 
8471746921900 8938019410049 7522927835124 8924149779186 8982899700645 10993228217614 9574263226326 9360631230107 9312252076708 9963254419575 9219308183667 9263248841003 10111219959154 9243205237014 9491366130169 9368716266569 10172217846545 7531449504709 8476718196441 11100556029073 11002085924034 8984503207291 8093720199619 10312127445873 10734852342435 8939265650682 8687467762099 8939347725846 9184988198381 10266246866180 8746291753832 9032149892791 
10051208763341 10054735385484 9470872151164 9827642408557 9952402606336 12141499362512 10841936357743 10481792638752 10323358206600 11119185315720 10467496679487 9780627308992 10648364580817 10556135659880 10448192062560 10902468688545 12135841365849 8490769537980 9411734333831 12140513890534 12708999905537 10052327577932 10009316006400 11559223183137 12382589814350 9881206228426 10425931481150 9909708986737 10018363209803 11031179723540 9858531969646 9712310580637 
9079240198325 9501039362661 8367435291207 9373582014767 8487735001312 10608767542540 9030421766817 8801787284698 8561228745284 9614460177508 8845361715549 8777885943889 9937500589090 9302711447603 9632869323483 9504361854188 11065120844059 7471150196179 7812458030509 9986368923126 10217066062618 9292429855087 9301495099627 10178077847397 11401934697045 8573780413423 8868663199067 8700980788898 9344121917435 9436677962159 8821818322977 9084107043726 
9695375366315 10945296090865 9724728002856 10885562203100 10409831291012 13466797586445 11214020659936 11289172408355 10508081508311 11128968776715 10764667826543 10844852892348 11883569273956 10582002957690 11479926890310 11875369814299 12438055618674 9508730568030 9578118195558 12450543593197 12640940999801 11385380444520 10145639341529 13328471815404 13147137002215 10753652975713 11085038272912 10477702118595 10095623172046 11511253222067 10837093864801 10905843550622 
10497418636275 11583217189343 9840248211089 11417936207666 11247846493682 14120259099044 12653755810962 11743119909750 10958377709692 11574045737696 12127897799224 11427609733709 11869482331406 10843657460621 12265933315887 11675793654648 13511683856852 10129346894466 10108975648696 13468380761351 12967811592304 11440570532113 10749256988911 13504918630185 13356185256922 10476926522649 10911836207311 11634424140086 11289188641533 12304115500204 10949579577535 10629247719831 
9441206579248 9247729144752 7947901417415 9114145580223 9166151957363 11078285608758 9213753998568 9229333059696 8490207659571 9771956616323 8654729883784 9518011392221 10217752110407 9780575438658 9514269865367 9864598672194 11052619289603 7762832548648 8285516581201 10531225199869 10693490146396 9920677509257 8715128582822 10713466036291 11682063790717 8581160543700 8880567355866 8954073699783 9129058421176 10034095702318 8936250337674 8754416092394 
9411518207466 10824372175207 8378023829845 9499758811687 9649865475916 12611985467795 9240200025239 10389008738633 9294705784394 10097309250556 9321707834314 10037573138964 10522750145621 10012897749700 10247699636797 10471921196099 11655813259674 7871311999448 8837053594672 10730074524588 10624749387512 10591166600423 8989457730349 11389626329149 12404715334217 9500778154845 10220884472085 9017714437432 9617425286743 10353728196860 10370831152892 9404012324741 
8809381684779 9434217621710 7380893010284 8705536389722 9077197447790 10294846230814 9459209286409 9320258462557 8902898999767 9634034691327 9160138452140 8462891144183 9304195926680 8841971664808 9397371753994 8874432127662 10827651485325 7468366442380 8104728634187 9618587094884 10007543236344 9559605596174 8441251099124 11353902525322 10533905639478 8518317929876 9424639778403 8760104092049 8777320386663 9124984082686 8232761184509 7659895898452 
8992832736714 9968807430671 8922232262444 9570994443811 9698789210171 11385698237195 9707178800957 10259470200642 9166821977580 9842547114644 9004695375775 8856376251673 9228653887343 9608429053624 9482747289237 9597693736408 11109775113381 8032643057410 8646055208754 11003224923301 10968422719890 9944300461529 8624957056131 11174671542181 11186800545652 8601467443363 9725131498051 9373780264580 9511928585367 9158888495746 9252722537799 9043863482418 
9873994053571 10474274186842 8817980393119 9590602643646 9580598983581 11689758725568 9758795527238 10066185744585 9192000327141 10532734596880 9987927339592 9134235934745 9757645349819 10132463475905 9713780217363 10616308796511 11713081142499 7271662639399 8590050351754 11497540055204 11562014809676 10350704217777 9569341049794 11225703862384 12624004935935 9040518394459 9749542124978 9372578458337 10022704524723 10652645691847 9332494684774 8906806538750 
8858224216903 10225540178270 8951011761494 9858504256839 9389841774416 12175179810200 9676638217673 10177614493125 9157407335828 9415952266215 9444619870173 9152812581847 9850209759637 9922839794232 10212884196048 10319163059693 11820644999806 7836894652055 9155443747573 10572460815290 11203982519527 10685324449670 9262420748396 11843847755135 11318391595845 8984436474972 9347541548446 9505294630782 9688357235202 9807805111978 9693063447463 8865924061190 
8771251255495 8534277453930 8597335324716 8727124347371 9199127105234 10657295980428 9124569087799 9149033997074 8659561276777 9644709875057 8475012096995 8326774555808 8785978225872 9630663606299 8321304198599 9008150827450 10963238924824 8136486151873 8482466425087 10282869790402 10394279565337 9357938124122 8379599474850 10426569438110 10892484998798 8352351337300 9576512240920 8678459105274 9287393612701 9276643855299 8885985152601 8904647768128 
8896572190941 8196465572226 8321869468295 8919612061870 8847474364230 10777235459846 9542575784447 9557431904318 8395555747745 10069769342668 9436832232263 9738948376336 9536242153224 10495476566795 8953226815066 9825653736457 10725096221164 8935797619787 8879708648782 11002993656594 10825582970050 9481417208381 8571107020604 10105287360895 11144743937678 8178667041775 9392657315266 9293895436317 9537769641678 10238728234015 9084700099905 8912654963830 
7676818933269 7975183118331 6601224462241 8195368449440 7343444293702 9787737266516 7510617989809 7933559763644 8038472548340 8279691572319 7162420310510 7372359209781 8265843994844 7667707006191 8305210607096 7947097801532 8910483836223 6421476482173 6870329579510 9059718250379 9279615553566 7601371856370 7081885044259 8623687822317 9040064733937 7303737340676 7700017427796 7652653767073 7786217808072 7995939751997 7924501202286 7534822212725 
8357855118404 9476580877559 9039510161191 9735425571495 9287537483780 11653825501485 10112900956035 10143812812983 8886097551063 9189472188430 9331864882225 9090905433321 9636038428190 9207051247268 9564621893164 10138971244068 10905262414734 8282454871629 8597464401413 10386425809993 10906809970587 9519354949178 9339101353428 11115459745558 11243023400973 8560437407934 9560289642556 9345305305288 9286066713548 9369358937201 9680725970828 9661292846401 
8566303852428 9295349453861 7749742571514 8317036249478 9306537905891 10501277464531 10471102840384 9832279798215 8854228808321 10368684144976 9351169710041 9403614823935 9695668691385 9274239810721 9328774049262 9478797727173 11534659854593 7781658493320 8586586660647 10431578693332 10419526135909 9302135608281 8700973204106 10859229188916 10917706283946 8287477606023 9406564922891 9717025613566 8471583442669 9665863742674 8225164314997 8550505439084 
8722490770453 8808004542934 8222002952698 9370812593149 8456981101369 10528459166697 8914189526486 9141760155148 8811240299026 9587737856061 8967701940991 8557812353502 9034161194002 9241941455476 8895999019381 9362408837420 11298523707933 7313043322166 8310680342182 10479359898148 10747471881683 9236937454713 8517616463487 10883523454554 10404191956372 8638751408139 9242221925304 8817339068705 9366078888868 9213290911952 8522619078265 8110834791876 
7939050023479 7934358896222 6990980554583 8094772211441 7809210409458 10101879571729 7844045207906 7832407101458 7701335491764 7873973982848 8005619817284 7808894333363 8257255292756 8397204402634 8497130933792 8496019030083 9355853081357 7106603656356 7293025846745 8547998009976 9715895532430 8646018024486 7948955077425 9418273469851 9003484841677 7519421997668 7580247146801 7880188290349 8426067471126 8293186331995 8165618129134 7380347298234 
9793550229737 9378186598838 8986167151564 9319524581176 9693981218783 11747963415798 10084330392165 10065822823705 9346622827267 10864008170162 10735349622565 9870561488423 10217450436678 10387457970569 10030160187954 10487202129224 12007436514219 8264062932656 8655762467489 11223960370226 11436640123122 9918700065522 9753731457420 11604570204246 11740650111356 9381586638964 9712431499448 10012657055378 10137974071648 11217970581758 9553052389889 8816059001421 
9248119526851 10637802867821 8986110780774 10042669592558 9437444340095 11854574124722 9804172820262 10774687248204 9010950543256 10225144015857 9710304143681 9604808299317 9886708074619 10181952578119 10198396276645 10300221620108 10956122363779 7849895785637 8355549581527 11609011713375 10577763295145 9946791638395 8811486356877 11115707016659 12421999929038 8868642049621 9448377341382 9187127124271 8842331407629 10381999022818 10083564665387 9304880972880 
9935532865521 10377249809334 8747100443135 9973232591047 9333077582270 11409319853942 9402762700601 11091771267015 9651805692503 9824564315087 10713122390266 9585794006137 10113031364573 10006947284370 10845036786983 10951108158643 11698746496264 7707781138785 8550075942677 11319202756397 11437517147594 11091021603941 9601859412641 12146490316426 11529673560916 9126241260806 10429784815044 8907299116309 10333020706386 10364311424754 9510616064227 8497001631728 
8483361239337 9147177936868 7988840340440 9820354878397 9351157171740 11328453624183 10095751791872 9592988131012 9478778619721 10417770706523 9096663411629 9560778250770 10080681707643 9783094717008 9791576951958 9594758446043 11081319021846 8841782959243 9177831298910 11467130197448 11320299118538 9543790380392 8664082313928 11181956378230 10943400996607 8865218405775 9324712653990 9643888683938 9721973472904 9942306233852 9054236926278 9001639497425 
9318042643973 9469158003108 8289894469646 9325597697722 8720287415433 11031872732867 9126554782656 8942743443789 8329116314923 9189278607101 9605476935055 8921152250914 8874786299745 9301937920297 9924250046395 8975738473599 10666927229632 7633283458728 8192875801053 9955994178911 10230195953451 10330434739473 8801323941700 10405437543515 10707081266767 7813909085208 7901506098208 8624346901866 9674151294123 9390671481344 9027643044834 8287794288823 
7811188826702 8041043972845 7773751948612 7941970133752 8245292747306 9669704424249 8530871752574 8055497447110 8197801665493 8039732315959 8388257800682 7245988141215 8432461878189 8498202588986 8472433041584 8076125582825 10326096621980 6933958164187 7567410521621 9548460447638 9987965919583 8691080980602 8012284137183 9072670479755 9796840550047 7532272362563 7894674085883 8013388465878 8659990002298 8092997933366 7412120082223 7217548935145 
