4805856818467.0 4976568400193.0 5249492241713.0 5608580903842.0 4760446009605.0 5632651507265.0 5772868548015.0 5993991127442.0 7306497855171.0 4574690437572.0 5690311925249.0 5318983250180.0 5232449941566.0 5690734335606.0 3549817667356.0 4316226705330.0
4631048596640.0 4475159969868.0 5571668511704.0 6513491782840.0 5776931777275.0 5496038128083.0 6104422285641.0 6377468518105.0 7378610443463.0 4967276939110.0 5674324710989.0 5876355786068.0 5525404790322.0 5709701501302.0 3770290110751.0 4486313950949.0
4397598072506.0 4280026524114.0 5165667428979.0 5301443046999.0 4409939147419.0 4713629271479.0 5550780173341.0 4994771726705.0 6292993762573.0 3980229623287.0 5606366012834.0 4764197202147.0 4791742983616.0 5335200771060.0 3227537466581.0 3806830258870.0
2817329985866.0 3865305730769.0 4630491265603.0 4651546258585.0 3386172953952.0 3557300701352.0 4266957479147.0 4364314568328.0 5020965971100.0 3150619851138.0 4415254642455.0 3362878274140.0 3869818258089.0 4762018582609.0 2434244569631.0 2973028358876.0
4653043222962.0 4843820089021.0 5077339421481.0 6217260654934.0 4448784610660.0 5209030596223.0 6196822622450.0 5010351231201.0 6455807073301.0 4311226941664.0 5177932051219.0 5129355083135.0 4957240549006.0 5369947760261.0 3590596289094.0 4451766357716.0
4156756623524.0 4533753077442.0 4867520629781.0 5823620894753.0 4607805786456.0 4796066041122.0 5580626447295.0 5085796865872.0 6103585681423.0 4413800613382.0 4802720960921.0 4753341183807.0 4690681716889.0 4958078307478.0 3027088125162.0 3540421299370.0
4334643725763.0 3969562998539.0 4290860701801.0 5104074312089.0 4285332558480.0 4765503684620.0 5200055438545.0 4606536183692.0 5392971852615.0 4091630350811.0 4986294033127.0 4678626379285.0 4203807622842.0 4355852583612.0 2772807343557.0 3705668713540.0
4151050590457.0 4080195515696.0 4019556091185.0 5319135655576.0 4678564951526.0 3629657959266.0 4903631407374.0 4338609955549.0 5256329950797.0 4281726477843.0 4982093695171.0 3873588795408.0 4849814880765.0 4282698169249.0 2468892514251.0 3098643373902.0
4499242436959.0 5220702514195.0 5398623748976.0 6268479829208.0 4966181329966.0 4966953870163.0 6435958040613.0 5683844136223.0 6573974746531.0 4359492923082.0 5699530151053.0 4800693070827.0 5049753421466.0 6201128708263.0 3550567112620.0 3996487653994.0
3477846351034.0 3762286668390.0 4173120062907.0 4787383109391.0 4206961162050.0 3654379260645.0 4443289254474.0 4411424970389.0 5540154015663.0 3389914955299.0 4453768579072.0 4063940079109.0 4435771782679.0 4104248939774.0 2780465022170.0 3066776408302.0
4733267707374.0 5096384945160.0 5600766910719.0 5866388478733.0 5081215463328.0 5550996735943.0 5795147479439.0 5796406649243.0 7324307676041.0 4794271264883.0 5716955179731.0 5293828472260.0 4981568719177.0 6101523118795.0 3226942125623.0 4610799702254.0
4240278773901.0 4599182069416.0 4994638394199.0 5963299668027.0 4883740477739.0 4835974611783.0 5685618775714.0 4829475249401.0 6541509747239.0 3785342533375.0 5239778331806.0 4843150979042.0 4947409389622.0 5288046180296.0 3733353967433.0 4043024820756.0
4068074416875.0 4456737776381.0 4436134460585.0 5690841808168.0 4125332400638.0 4080547112859.0 5253351577208.0 4578051624483.0 5440510976582.0 3980967453680.0 4814844559505.0 4145871904856.0 4642899032179.0 4622432180996.0 2789496761471.0 4055564746694.0
3931811998595.0 4027849987287.0 4862882980981.0 5315841835974.0 4582754108656.0 4429697407817.0 5393425752981.0 4693977235906.0 5722382651732.0 3814919526424.0 5074947189603.0 4497746355718.0 4033209737840.0 5661512244546.0 2966713326285.0 3951880555126.0
4542072194142.0 5316840199156.0 5510815295865.0 6736846032307.0 5143612163994.0 4851752110067.0 6721752735904.0 5471615045603.0 6488052718641.0 4619728156534.0 6037616237087.0 4942290696717.0 5813012040719.0 6424463783642.0 3887239894274.0 4089242459555.0
4736356919697.0 4898431442812.0 5326145922019.0 6270087492574.0 5167925442351.0 4996913602136.0 6185472789177.0 5602162698739.0 6668474336157.0 4309767891854.0 5958780946208.0 4913818930096.0 5026435473660.0 5653457284243.0 3272718306250.0 4522911175278.0
