8824699405993.0 7133463548963.0 8383613947015.0 8593130162295.0 6678323553987.0 9862203538632.0 8335897989407.0 7529190451059.0 9256815967970.0 7638558072114.0 8948231946044.0 10595073505105.0 8191312753263.0 7537482115542.0 8472417049046.0 8572004636810.0 9539338080413.0 8256525525238.0 8624202681028.0 8817711238234.0 8734158866501.0 8320725849702.0 7466795643695.0 8904881928369.0 8756175824719.0 8659654957710.0 8817500853939.0 8240706265917.0 9420035223593.0 7700872888154.0 8932550881345.0 8236822457615.0
10265534469009.0 8539653168638.0 9867819683075.0 9613054372260.0 8651858942463.0 11265989156283.0 9368560179007.0 9967277971133.0 10953609711926.0 9912218367847.0 10930509048783.0 11388754416469.0 9656107613516.0 9474864580501.0 8977673684651.0 10170312177971.0 11536320466795.0 10144477488617.0 11487719717366.0 11714522541665.0 9579709526463.0 10739991512371.0 8914296725721.0 11424964973633.0 10674779389451.0 8877688520666.0 10076339349519.0 9554826253351.0 10819709233933.0 9517342106845.0 11092754041325.0 10678245085411.0
9823453097803.0 7839443201829.0 9063938186208.0 9676685694292.0 7321603150638.0 10652973403872.0 8818475787700.0 8737182326527.0 10390041155279.0 8550248137993.0 10036310350301.0 10613728858988.0 9007639398965.0 7957206103066.0 9066825924428.0 9072131305298.0 11222786285784.0 9461931183322.0 10301564479720.0 10408722422362.0 9133456467493.0 9417773677031.0 8093039670404.0 11215630384552.0 9436038540047.0 9191540980684.0 9194770702807.0 9191389893781.0 10628241542977.0 8641127431983.0 10466280806425.0 9432686475175.0
8394520847769.0 7361092971229.0 8012428932378.0 7762009809990.0 7177130438969.0 9614695856741.0 7757695349343.0 7902650274026.0 8889566326611.0 7444721850783.0 8961047337336.0 8916865223124.0 7711217575569.0 6771545425789.0 7808241338492.0 8628127328227.0 9536007681944.0 8657121729245.0 9530396833801.0 9250874850684.0 8505970432049.0 8334540702311.0 7636450835454.0 9344222686753.0 8702206092936.0 7877837013040.0 8559952900172.0 8077427020367.0 9219503162155.0 7313499039269.0 9195832934793.0 8512161950064.0
8810081672790.0 6918788395414.0 7241194447174.0 7630530478400.0 6532650917886.0 8576339618992.0 8221446187150.0 7730233038103.0 8648622843465.0 6846505870431.0 8282591227957.0 9120547046270.0 7198239728828.0 6842368299934.0 8083389310177.0 8408385305681.0 9092255436774.0 7892391999189.0 8236566327766.0 8630077532308.0 7902163333311.0 8118093515159.0 7053562594387.0 9100221465690.0 8368455310119.0 7440331608941.0 8423640701153.0 7977065534773.0 8976549554472.0 8075529520531.0 8900491445026.0 7813059194429.0
10325906907229.0 9524756018113.0 9533899781955.0 9602211598668.0 8500607111057.0 12390245465215.0 9735835621474.0 9110294798996.0 11146198107444.0 9243601175536.0 11451225774723.0 12007870349267.0 10329374806395.0 8172240074124.0 10353551218538.0 10109876115844.0 12427716948628.0 10827991144383.0 12361104603724.0 11297869569518.0 11363451781019.0 10584098587385.0 9516333715171.0 12184725924580.0 10793276819858.0 10004351668914.0 10691434167022.0 10677184101365.0 11560554206459.0 9162878072584.0 11355383219129.0 10472433444058.0
8929521406795.0 7536350180754.0 8210609757581.0 8483873300632.0 6395499955038.0 9534232413639.0 7868123559565.0 8033169184631.0 9557579440344.0 7586403739618.0 8700767306107.0 9907057023759.0 7975950463096.0 7415134589651.0 8629648455351.0 8742805568202.0 9469986022496.0 8055586396646.0 9673639502260.0 9521155135299.0 8422127190419.0 8767944345463.0 7794597589251.0 9466500675306.0 8472009723580.0 8152956561019.0 8541311651535.0 8120992685466.0 9724451441410.0 7389970660087.0 9484501480029.0 8688864539099.0
10301431263193.0 9529206464460.0 9405818303345.0 9491811465945.0 8282125392301.0 10871764620272.0 9728105352658.0 9043523457791.0 10719536113454.0 9030050598460.0 10214164935684.0 10980783064745.0 9638766194522.0 8271983930228.0 9867745684421.0 10027433097779.0 11989468029966.0 10128124466210.0 10730830258882.0 11103270143088.0 10013514581546.0 9909277794538.0 9441792692793.0 11408518022149.0 10863374358078.0 9556562054404.0 10964006368849.0 10161360674194.0 11159936496920.0 9233964205107.0 10616557866623.0 10215318008029.0
9042625398958.0 7611420745541.0 8528274498740.0 8379133470193.0 7292197215477.0 9615212601754.0 8078978789841.0 8116107849039.0 9582076093501.0 7557227081774.0 9973455259275.0 10128209564803.0 8487684336976.0 7586799313754.0 8751588415719.0 8660653245565.0 10443291034184.0 9735394664333.0 9323249999712.0 9293207236701.0 9007496205361.0 8954705492948.0 7459007040224.0 10954929396294.0 9227758419003.0 8418657975157.0 9005633109436.0 8713331479353.0 10027591428845.0 7851765074747.0 9920781757099.0 9108812928846.0
9879542296068.0 8402501734405.0 8563762782997.0 9591566135858.0 8521575878402.0 10684006043579.0 8720158307405.0 9396458330742.0 10463110918524.0 9516179831755.0 10685070656443.0 11019177801240.0 9465942765120.0 8301072117333.0 9161177598470.0 9635597268295.0 11648298649519.0 9849909293970.0 10894946334642.0 11392594340950.0 9106569666871.0 9934471123628.0 8978139033733.0 10818035706440.0 9787597041476.0 9085377307081.0 9459073525630.0 9733909076516.0 11012080022827.0 8444419153171.0 10703449630366.0 10623897590075.0
12312590997670.0 9910219642006.0 10339714296034.0 10718273567565.0 9844247088518.0 12389534967383.0 11522119939817.0 10835286423296.0 13077254363909.0 10730830438003.0 12007695457912.0 13227253189494.0 11143487806117.0 10016815461602.0 11766990938628.0 11948606093715.0 13347231379233.0 11741528281780.0 12602059348949.0 13374742543036.0 11863982790816.0 11934031645836.0 10678378471115.0 13102446928302.0 11481649454770.0 10819171732589.0 12274693997486.0 11283864101297.0 12805293188147.0 10455204077739.0 12496945886357.0 12236987508673.0
9854008428081.0 8418359865413.0 9245865464364.0 9349887450357.0 7435236911991.0 10873141817145.0 9186606316839.0 9049296892633.0 10315491265902.0 9001210558681.0 10053867619591.0 11090071431625.0 9126643477730.0 8656418044344.0 9280701469968.0 9734197423644.0 10933817837074.0 9534225088069.0 9891024739338.0 10390574819168.0 9436997348852.0 9924714305967.0 8230981573807.0 10386380052736.0 9647586244390.0 9148528715866.0 9777738577630.0 9027483908257.0 11158686665128.0 8577083175911.0 10374680649557.0 9334174879470.0
10477811354180.0 9401083575424.0 9730340646938.0 9047124703051.0 8132989562738.0 10954749578986.0 10152222163650.0 9457404835313.0 10663897910474.0 9295322163428.0 10351594744113.0 10100248450554.0 9478580733457.0 8707598942893.0 10001258849772.0 10381981678488.0 12236683169247.0 10210615096204.0 11321621631262.0 11119880598168.0 10053035528646.0 9979723399384.0 9368741605856.0 11516699627117.0 9660834700735.0 9452107700479.0 10085643485786.0 9515685102066.0 11437080541226.0 8690437076513.0 10619586763584.0 10543838208228.0
8490776985411.0 7103093585026.0 7859129711545.0 7800046544999.0 6489340723378.0 9516487772302.0 7672127713081.0 8003090621332.0 8759717619336.0 7037425785631.0 8760766538291.0 9647924104708.0 7848424779515.0 6740872707043.0 7826401910196.0 8414807714522.0 9364373822752.0 8755242135602.0 9184327146476.0 9033738847348.0 8039719756256.0 8557343560328.0 8105981121624.0 10047106899962.0 9337209343630.0 8049703743156.0 8853045653765.0 8113391572172.0 9947895526224.0 7605338073130.0 9702788498162.0 8350145418654.0
9567434574185.0 8625301020735.0 7865127931526.0 7835913085953.0 7271533542216.0 10170710936132.0 8670810250013.0 8999750256719.0 9445330839487.0 7377326488468.0 10194826633695.0 10321386678848.0 8667071415401.0 8064943257840.0 9578184432371.0 10067299288283.0 10422120086308.0 9677064717834.0 9881715931705.0 10076921403138.0 8885156797769.0 9256259100922.0 8819068851805.0 10508347066838.0 9696325418200.0 8301257375801.0 8982471121884.0 9424564443622.0 10760854551419.0 7870813860180.0 8871530716942.0 9846260492266.0
9556795398901.0 7121213167769.0 8254452250282.0 7975332959045.0 7422160104994.0 10109095271221.0 8214398701332.0 8319495202112.0 9715631797335.0 8111788708834.0 9206298986120.0 10104480783124.0 8905039203114.0 8030235104215.0 7769572282322.0 9524917782875.0 10352072231260.0 9167426425857.0 9302218199218.0 10095291105908.0 8389782703389.0 9082971366520.0 7736193971598.0 9962182892178.0 8787643088384.0 8928692641626.0 9537385961912.0 7892461846528.0 10700704260041.0 7223823172006.0 10039023292065.0 8811378708020.0
9339617623052.0 8012359896018.0 8630434215005.0 9170701957384.0 7702701008577.0 10229535183478.0 8882564364972.0 8314916414688.0 9639820168297.0 8760727489570.0 10206606357438.0 11339432109879.0 8561463684746.0 8125574464244.0 9547832411978.0 9105480631111.0 10751591374060.0 9220572758809.0 9856389289023.0 9887872201948.0 10704075956499.0 9526189395356.0 7560891714434.0 10293479560722.0 9024773066762.0 8781389100161.0 9954842512006.0 8980688797014.0 10303519296459.0 7642466387431.0 9960859669652.0 9020109816651.0
9454568257105.0 7840747890540.0 8549877724558.0 9591295441401.0 7710962571017.0 10280145693336.0 8906846113393.0 8726010150649.0 9394280880808.0 8811226386536.0 9853704451263.0 10700810746259.0 8671119421155.0 8044106459772.0 9030777921651.0 9003099872234.0 10429698416926.0 9165712198695.0 10038031241652.0 10049301307125.0 9739537595693.0 9665474647247.0 8116721565181.0 9984122903765.0 9106696699160.0 8303714812744.0 9456614516960.0 9000080106033.0 9702089260559.0 8434416260762.0 9927301673570.0 9200608077995.0
9535022403525.0 8281928835399.0 9637453103175.0 10060113639205.0 8035543762778.0 11048995678209.0 9243010787933.0 9069635668803.0 11021453725365.0 8926597676718.0 10601015507213.0 10870587640077.0 8549659961530.0 8118008925059.0 9869207350826.0 9687102062091.0 11480580511801.0 9724467110435.0 11175579342106.0 10672844735163.0 10344758602296.0 10127999719961.0 8446627241454.0 11718029016212.0 10461974601332.0 9334111219501.0 10661710095288.0 9749904329109.0 10866745066638.0 9675093090045.0 11176658611498.0 9756229972889.0
8502859207936.0 7468639862999.0 8146181017215.0 8437456357395.0 8275419144279.0 10379307273789.0 7801357938266.0 8873513364403.0 9821646587675.0 8231742838571.0 10147026854278.0 9776507580487.0 8660930255813.0 7601304304963.0 8356024200248.0 8922702274036.0 11083191908869.0 9570327565436.0 10793296876996.0 10382642726147.0 9207100861990.0 9192015986591.0 7787945207371.0 10457758888500.0 8961381619894.0 8488057541660.0 9172698430056.0 8896855608528.0 9815196038050.0 8208215955496.0 10111007423325.0 9234185267952.0
9240920719616.0 7052864400902.0 7803358803628.0 8464264664722.0 6457278675292.0 8572435911401.0 7602550607755.0 8130596756209.0 9574885741976.0 7833320128005.0 8723842335070.0 9175879297087.0 7681493550872.0 8044835733999.0 8765475151744.0 8289806855584.0 8854776113464.0 8405313023917.0 8642982181026.0 9438813523733.0 7833555207707.0 8340578075443.0 7160137614472.0 9160600838516.0 8326918123398.0 7769197213912.0 8244871266084.0 8193101450242.0 8999919129775.0 7400379941715.0 8250440240657.0 9024412599101.0
9458246518056.0 8299643255714.0 7824944039756.0 8231060071149.0 8111656646023.0 10189402582306.0 8489094988863.0 9346895985524.0 9764693738891.0 8023791916010.0 9972442627704.0 9465397708447.0 8599189673797.0 7798546640192.0 9319776469028.0 9440041457544.0 10940518680175.0 9542324585649.0 10945332239716.0 10182194984096.0 8888352107366.0 9677826273622.0 8419964622441.0 10340001998775.0 9719419312646.0 8374819027967.0 9289611565617.0 9443391789333.0 9929847437992.0 9418218202432.0 10028583498119.0 9555696203365.0
10992241157408.0 9683052099157.0 10005106346770.0 10733225657366.0 8995437538066.0 12093756892881.0 10488214758897.0 10592035825031.0 12010870536821.0 10309986276552.0 11061103567197.0 12540403086100.0 10286102644835.0 9717859065240.0 11057138170585.0 11076747081370.0 12952435709907.0 10584333646983.0 12065868312939.0 12147796708640.0 11347196553367.0 11664477512490.0 10310994967815.0 12185119628472.0 10697481644543.0 10677065674178.0 11452925162508.0 10726443514638.0 12456272708622.0 10179616904761.0 12118692879678.0 10665582945270.0
10477297014283.0 8378234041086.0 8849462590210.0 9686560407326.0 8133649617980.0 10257277086976.0 8940244373565.0 8808740082458.0 10641608732209.0 9198662479657.0 10319155439260.0 9917634023500.0 8895032183540.0 8187199067252.0 8658958715693.0 9509897454038.0 11122283936153.0 9009008718984.0 10104846298375.0 10693387868858.0 9144562005722.0 9051734838999.0 8123324907773.0 10989280569596.0 9329149096474.0 8598484640371.0 9965681368954.0 8601149505583.0 10168017111098.0 8851075215580.0 10909854795284.0 9464321159572.0
10267291035598.0 8877692169817.0 8990938901487.0 9360654904264.0 7605945506088.0 10822773191106.0 9637430772755.0 8902992309938.0 10634039960114.0 8999641299803.0 11180759243569.0 11448408144003.0 8967148629449.0 8924883538530.0 10680067578881.0 9474177528686.0 11734709075259.0 9823658379625.0 10517334444310.0 9897742975291.0 10556847434191.0 10468916546613.0 9038208519073.0 11469315089149.0 10451572468044.0 9276027742131.0 10387234403994.0 10651481659372.0 10869673218927.0 9267047742159.0 10147753031522.0 9807527210364.0
11092836015049.0 8545876976155.0 9116542092931.0 10260683672934.0 9034632360804.0 11558953130596.0 10157336304367.0 9694568133518.0 10776739024520.0 9480220752641.0 10873746275819.0 11786475418149.0 9419999582750.0 8575130714530.0 10046551901530.0 10565015940525.0 11302023129203.0 10138585972364.0 11237527600030.0 11560541405615.0 11259280505694.0 9777943474166.0 8996391731634.0 11348938937019.0 10489670072627.0 9837446894655.0 11387681776141.0 9842810280085.0 11068420512112.0 9201647846139.0 11116686086374.0 10188427006950.0
10350815421036.0 9729415328077.0 10340120343974.0 10290648659976.0 8353261116267.0 11535820495403.0 10106077227189.0 9839149554276.0 11828956226579.0 9604575778653.0 11204976106667.0 11987358996721.0 10127677033225.0 9577041102796.0 11125686078458.0 10094641905235.0 11908859782029.0 10992834382536.0 11439726960441.0 11266708984025.0 11362947448633.0 11416624847767.0 9160105062185.0 11952822478111.0 10680698342426.0 9786214160551.0 11078892675268.0 10775025729212.0 11188254716162.0 10191762812966.0 11191449145327.0 10431531135912.0
10256692895570.0 8501699932832.0 8439675015264.0 9639469337280.0 8149497851644.0 10494315571727.0 9787503149832.0 9915085912650.0 10974011335561.0 9472276131826.0 10649866295406.0 11335175843601.0 9240649650326.0 9183973626274.0 10190180683861.0 10166191860074.0 11109513714688.0 9691574696525.0 10793652877081.0 10953587244963.0 9647203204903.0 10673590334496.0 9360867711087.0 10908213325218.0 9637131300555.0 9057250379041.0 9808447365043.0 10358878030156.0 10910643365722.0 9154896381619.0 10522032787064.0 10778856537297.0
10378518510883.0 8898486914657.0 9478315857572.0 9428558400976.0 8398656077152.0 11440401754295.0 9927513074682.0 9486128588335.0 10693161946619.0 8962169860763.0 10495966551917.0 11815570148864.0 9470446089932.0 8732788250613.0 10070480452120.0 10554819108452.0 11904034667997.0 10472861058913.0 10715102089377.0 10843383592929.0 10689810410904.0 9785337552831.0 8560053321818.0 10804273447569.0 10759154335124.0 9653496553185.0 10751233427368.0 9941902120509.0 11296077930740.0 9354415621675.0 10646996812506.0 10078397955685.0
9258759013784.0 7963176294451.0 9167482756534.0 8672906817908.0 7624099840501.0 10451223805613.0 8313056835166.0 8202371565067.0 10327449495046.0 8608681380339.0 9538387743817.0 10313468666127.0 8707105477841.0 8651896808820.0 9256004464530.0 9166618372137.0 10760444263101.0 9896165343792.0 10408596951670.0 9898908006738.0 9893302529346.0 9690396081567.0 8189778107839.0 10875069049883.0 9243070435688.0 8693316398548.0 9688674302504.0 8924416774932.0 10491252831174.0 8092796243094.0 9815709025781.0 9263815717028.0
11168745742714.0 9726257622629.0 9586397082544.0 10841414821631.0 9149217074395.0 12890094507897.0 10375564552110.0 11069567751475.0 11389471519697.0 9756760069297.0 11614442320669.0 12441999661712.0 10694828674049.0 9190309331083.0 11126443959749.0 11183398601752.0 12955002706017.0 10928378374819.0 12582276570903.0 12407861849126.0 11686058582110.0 11279519340481.0 10133224758049.0 12133278933881.0 10656218641126.0 10360204839259.0 11519693583232.0 10492737946089.0 12364228204522.0 9523620739730.0 12189030799198.0 10552461931394.0
11875880595375.0 9871850258519.0 9552580708022.0 11398065651877.0 8993392718685.0 12611818473166.0 10186050186200.0 10842754647090.0 12034121605034.0 10514698304596.0 11874354167551.0 11880987652830.0 10120644030631.0 9634805563600.0 10908315212993.0 10722002893025.0 12112652772520.0 10924118274741.0 12515854515581.0 12234414576831.0 11740978493758.0 11004221014811.0 10272408532868.0 12676121900534.0 11303405073073.0 9711142786535.0 11376188910149.0 11305049519347.0 11587766222526.0 9887439226329.0 11672853042879.0 10955149331148.0
