8824699405993 7133463548963 8383613947015 8593130162295 6678323553987 9862203538632 8335897989407 7529190451059 9256815967970 7638558072114 8948231946044 10595073505105 8191312753263 7537482115542 8472417049046 8572004636810 9539338080413 8256525525238 8624202681028 8817711238234 8734158866501 8320725849702 7466795643695 8904881928369 8756175824719 8659654957710 8817500853939 8240706265917 9420035223593 7700872888154 8932550881345 8236822457615 
10265534469009 8539653168638 9867819683075 9613054372260 8651858942463 11265989156283 9368560179007 9967277971133 10953609711926 9912218367847 10930509048783 11388754416469 9656107613516 9474864580501 8977673684651 10170312177971 11536320466795 10144477488617 11487719717366 11714522541665 9579709526463 10739991512371 8914296725721 11424964973633 10674779389451 8877688520666 10076339349519 9554826253351 10819709233933 9517342106845 11092754041325 10678245085411 
9823453097803 7839443201829 9063938186208 9676685694292 7321603150638 10652973403872 8818475787700 8737182326527 10390041155279 8550248137993 10036310350301 10613728858988 9007639398965 7957206103066 9066825924428 9072131305298 11222786285784 9461931183322 10301564479720 10408722422362 9133456467493 9417773677031 8093039670404 11215630384552 9436038540047 9191540980684 9194770702807 9191389893781 10628241542977 8641127431983 10466280806425 9432686475175 
8394520847769 7361092971229 8012428932378 7762009809990 7177130438969 9614695856741 7757695349343 7902650274026 8889566326611 7444721850783 8961047337336 8916865223124 7711217575569 6771545425789 7808241338492 8628127328227 9536007681944 8657121729245 9530396833801 9250874850684 8505970432049 8334540702311 7636450835454 9344222686753 8702206092936 7877837013040 8559952900172 8077427020367 9219503162155 7313499039269 9195832934793 8512161950064 
8810081672790 6918788395414 7241194447174 7630530478400 6532650917886 8576339618992 8221446187150 7730233038103 8648622843465 6846505870431 8282591227957 9120547046270 7198239728828 6842368299934 8083389310177 8408385305681 9092255436774 7892391999189 8236566327766 8630077532308 7902163333311 8118093515159 7053562594387 9100221465690 8368455310119 7440331608941 8423640701153 7977065534773 8976549554472 8075529520531 8900491445026 7813059194429 
10325906907229 9524756018113 9533899781955 9602211598668 8500607111057 12390245465215 9735835621474 9110294798996 11146198107444 9243601175536 11451225774723 12007870349267 10329374806395 8172240074124 10353551218538 10109876115844 12427716948628 10827991144383 12361104603724 11297869569518 11363451781019 10584098587385 9516333715171 12184725924580 10793276819858 10004351668914 10691434167022 10677184101365 11560554206459 9162878072584 11355383219129 10472433444058 
8929521406795 7536350180754 8210609757581 8483873300632 6395499955038 9534232413639 7868123559565 8033169184631 9557579440344 7586403739618 8700767306107 9907057023759 7975950463096 7415134589651 8629648455351 8742805568202 9469986022496 8055586396646 9673639502260 9521155135299 8422127190419 8767944345463 7794597589251 9466500675306 8472009723580 8152956561019 8541311651535 8120992685466 9724451441410 7389970660087 9484501480029 8688864539099 
10301431263193 9529206464460 9405818303345 9491811465945 8282125392301 10871764620272 9728105352658 9043523457791 10719536113454 9030050598460 10214164935684 10980783064745 9638766194522 8271983930228 9867745684421 10027433097779 11989468029966 10128124466210 10730830258882 11103270143088 10013514581546 9909277794538 9441792692793 11408518022149 10863374358078 9556562054404 10964006368849 10161360674194 11159936496920 9233964205107 10616557866623 10215318008029 
9042625398958 7611420745541 8528274498740 8379133470193 7292197215477 9615212601754 8078978789841 8116107849039 9582076093501 7557227081774 9973455259275 10128209564803 8487684336976 7586799313754 8751588415719 8660653245565 10443291034184 9735394664333 9323249999712 9293207236701 9007496205361 8954705492948 7459007040224 10954929396294 9227758419003 8418657975157 9005633109436 8713331479353 10027591428845 7851765074747 9920781757099 9108812928846 
9879542296068 8402501734405 8563762782997 9591566135858 8521575878402 10684006043579 8720158307405 9396458330742 10463110918524 9516179831755 10685070656443 11019177801240 9465942765120 8301072117333 9161177598470 9635597268295 11648298649519 9849909293970 10894946334642 11392594340950 9106569666871 9934471123628 8978139033733 10818035706440 9787597041476 9085377307081 9459073525630 9733909076516 11012080022827 8444419153171 10703449630366 10623897590075 
12312590997670 9910219642006 10339714296034 10718273567565 9844247088518 12389534967383 11522119939817 10835286423296 13077254363909 10730830438003 12007695457912 13227253189494 11143487806117 10016815461602 11766990938628 11948606093715 13347231379233 11741528281780 12602059348949 13374742543036 11863982790816 11934031645836 10678378471115 13102446928302 11481649454770 10819171732589 12274693997486 11283864101297 12805293188147 10455204077739 12496945886357 12236987508673 
9854008428081 8418359865413 9245865464364 9349887450357 7435236911991 10873141817145 9186606316839 9049296892633 10315491265902 9001210558681 10053867619591 11090071431625 9126643477730 8656418044344 9280701469968 9734197423644 10933817837074 9534225088069 9891024739338 10390574819168 9436997348852 9924714305967 8230981573807 10386380052736 9647586244390 9148528715866 9777738577630 9027483908257 11158686665128 8577083175911 10374680649557 9334174879470 
10477811354180 9401083575424 9730340646938 9047124703051 8132989562738 10954749578986 10152222163650 9457404835313 10663897910474 9295322163428 10351594744113 10100248450554 9478580733457 8707598942893 10001258849772 10381981678488 12236683169247 10210615096204 11321621631262 11119880598168 10053035528646 9979723399384 9368741605856 11516699627117 9660834700735 9452107700479 10085643485786 9515685102066 11437080541226 8690437076513 10619586763584 10543838208228 
8490776985411 7103093585026 7859129711545 7800046544999 6489340723378 9516487772302 7672127713081 8003090621332 8759717619336 7037425785631 8760766538291 9647924104708 7848424779515 6740872707043 7826401910196 8414807714522 9364373822752 8755242135602 9184327146476 9033738847348 8039719756256 8557343560328 8105981121624 10047106899962 9337209343630 8049703743156 8853045653765 8113391572172 9947895526224 7605338073130 9702788498162 8350145418654 
9567434574185 8625301020735 7865127931526 7835913085953 7271533542216 10170710936132 8670810250013 8999750256719 9445330839487 7377326488468 10194826633695 10321386678848 8667071415401 8064943257840 9578184432371 10067299288283 10422120086308 9677064717834 9881715931705 10076921403138 8885156797769 9256259100922 8819068851805 10508347066838 9696325418200 8301257375801 8982471121884 9424564443622 10760854551419 7870813860180 8871530716942 9846260492266 
9556795398901 7121213167769 8254452250282 7975332959045 7422160104994 10109095271221 8214398701332 8319495202112 9715631797335 8111788708834 9206298986120 10104480783124 8905039203114 8030235104215 7769572282322 9524917782875 10352072231260 9167426425857 9302218199218 10095291105908 8389782703389 9082971366520 7736193971598 9962182892178 8787643088384 8928692641626 9537385961912 7892461846528 10700704260041 7223823172006 10039023292065 8811378708020 
9339617623052 8012359896018 8630434215005 9170701957384 7702701008577 10229535183478 8882564364972 8314916414688 9639820168297 8760727489570 10206606357438 11339432109879 8561463684746 8125574464244 9547832411978 9105480631111 10751591374060 9220572758809 9856389289023 9887872201948 10704075956499 9526189395356 7560891714434 10293479560722 9024773066762 8781389100161 9954842512006 8980688797014 10303519296459 7642466387431 9960859669652 9020109816651 
9454568257105 7840747890540 8549877724558 9591295441401 7710962571017 10280145693336 8906846113393 8726010150649 9394280880808 8811226386536 9853704451263 10700810746259 8671119421155 8044106459772 9030777921651 9003099872234 10429698416926 9165712198695 10038031241652 10049301307125 9739537595693 9665474647247 8116721565181 9984122903765 9106696699160 8303714812744 9456614516960 9000080106033 9702089260559 8434416260762 9927301673570 9200608077995 
9535022403525 8281928835399 9637453103175 10060113639205 8035543762778 11048995678209 9243010787933 9069635668803 11021453725365 8926597676718 10601015507213 10870587640077 8549659961530 8118008925059 9869207350826 9687102062091 11480580511801 9724467110435 11175579342106 10672844735163 10344758602296 10127999719961 8446627241454 11718029016212 10461974601332 9334111219501 10661710095288 9749904329109 10866745066638 9675093090045 11176658611498 9756229972889 
8502859207936 7468639862999 8146181017215 8437456357395 8275419144279 10379307273789 7801357938266 8873513364403 9821646587675 8231742838571 10147026854278 9776507580487 8660930255813 7601304304963 8356024200248 8922702274036 11083191908869 9570327565436 10793296876996 10382642726147 9207100861990 9192015986591 7787945207371 10457758888500 8961381619894 8488057541660 9172698430056 8896855608528 9815196038050 8208215955496 10111007423325 9234185267952 
9240920719616 7052864400902 7803358803628 8464264664722 6457278675292 8572435911401 7602550607755 8130596756209 9574885741976 7833320128005 8723842335070 9175879297087 7681493550872 8044835733999 8765475151744 8289806855584 8854776113464 8405313023917 8642982181026 9438813523733 7833555207707 8340578075443 7160137614472 9160600838516 8326918123398 7769197213912 8244871266084 8193101450242 8999919129775 7400379941715 8250440240657 9024412599101 
9458246518056 8299643255714 7824944039756 8231060071149 8111656646023 10189402582306 8489094988863 9346895985524 9764693738891 8023791916010 9972442627704 9465397708447 8599189673797 7798546640192 9319776469028 9440041457544 10940518680175 9542324585649 10945332239716 10182194984096 8888352107366 9677826273622 8419964622441 10340001998775 9719419312646 8374819027967 9289611565617 9443391789333 9929847437992 9418218202432 10028583498119 9555696203365 
10992241157408 9683052099157 10005106346770 10733225657366 8995437538066 12093756892881 10488214758897 10592035825031 12010870536821 10309986276552 11061103567197 12540403086100 10286102644835 9717859065240 11057138170585 11076747081370 12952435709907 10584333646983 12065868312939 12147796708640 11347196553367 11664477512490 10310994967815 12185119628472 10697481644543 10677065674178 11452925162508 10726443514638 12456272708622 10179616904761 12118692879678 10665582945270 
10477297014283 8378234041086 8849462590210 9686560407326 8133649617980 10257277086976 8940244373565 8808740082458 10641608732209 9198662479657 10319155439260 9917634023500 8895032183540 8187199067252 8658958715693 9509897454038 11122283936153 9009008718984 10104846298375 10693387868858 9144562005722 9051734838999 8123324907773 10989280569596 9329149096474 8598484640371 9965681368954 8601149505583 10168017111098 8851075215580 10909854795284 9464321159572 
10267291035598 8877692169817 8990938901487 9360654904264 7605945506088 10822773191106 9637430772755 8902992309938 10634039960114 8999641299803 11180759243569 11448408144003 8967148629449 8924883538530 10680067578881 9474177528686 11734709075259 9823658379625 10517334444310 9897742975291 10556847434191 10468916546613 9038208519073 11469315089149 10451572468044 9276027742131 10387234403994 10651481659372 10869673218927 9267047742159 10147753031522 9807527210364 
11092836015049 8545876976155 9116542092931 10260683672934 9034632360804 11558953130596 10157336304367 9694568133518 10776739024520 9480220752641 10873746275819 11786475418149 9419999582750 8575130714530 10046551901530 10565015940525 11302023129203 10138585972364 11237527600030 11560541405615 11259280505694 9777943474166 8996391731634 11348938937019 10489670072627 9837446894655 11387681776141 9842810280085 11068420512112 9201647846139 11116686086374 10188427006950 
10350815421036 9729415328077 10340120343974 10290648659976 8353261116267 11535820495403 10106077227189 9839149554276 11828956226579 9604575778653 11204976106667 11987358996721 10127677033225 9577041102796 11125686078458 10094641905235 11908859782029 10992834382536 11439726960441 11266708984025 11362947448633 11416624847767 9160105062185 11952822478111 10680698342426 9786214160551 11078892675268 10775025729212 11188254716162 10191762812966 11191449145327 10431531135912 
10256692895570 8501699932832 8439675015264 9639469337280 8149497851644 10494315571727 9787503149832 9915085912650 10974011335561 9472276131826 10649866295406 11335175843601 9240649650326 9183973626274 10190180683861 10166191860074 11109513714688 9691574696525 10793652877081 10953587244963 9647203204903 10673590334496 9360867711087 10908213325218 9637131300555 9057250379041 9808447365043 10358878030156 10910643365722 9154896381619 10522032787064 10778856537297 
10378518510883 8898486914657 9478315857572 9428558400976 8398656077152 11440401754295 9927513074682 9486128588335 10693161946619 8962169860763 10495966551917 11815570148864 9470446089932 8732788250613 10070480452120 10554819108452 11904034667997 10472861058913 10715102089377 10843383592929 10689810410904 9785337552831 8560053321818 10804273447569 10759154335124 9653496553185 10751233427368 9941902120509 11296077930740 9354415621675 10646996812506 10078397955685 
9258759013784 7963176294451 9167482756534 8672906817908 7624099840501 10451223805613 8313056835166 8202371565067 10327449495046 8608681380339 9538387743817 10313468666127 8707105477841 8651896808820 9256004464530 9166618372137 10760444263101 9896165343792 10408596951670 9898908006738 9893302529346 9690396081567 8189778107839 10875069049883 9243070435688 8693316398548 9688674302504 8924416774932 10491252831174 8092796243094 9815709025781 9263815717028 
11168745742714 9726257622629 9586397082544 10841414821631 9149217074395 12890094507897 10375564552110 11069567751475 11389471519697 9756760069297 11614442320669 12441999661712 10694828674049 9190309331083 11126443959749 11183398601752 12955002706017 10928378374819 12582276570903 12407861849126 11686058582110 11279519340481 10133224758049 12133278933881 10656218641126 10360204839259 11519693583232 10492737946089 12364228204522 9523620739730 12189030799198 10552461931394 
11875880595375 9871850258519 9552580708022 11398065651877 8993392718685 12611818473166 10186050186200 10842754647090 12034121605034 10514698304596 11874354167551 11880987652830 10120644030631 9634805563600 10908315212993 10722002893025 12112652772520 10924118274741 12515854515581 12234414576831 11740978493758 11004221014811 10272408532868 12676121900534 11303405073073 9711142786535 11376188910149 11305049519347 11587766222526 9887439226329 11672853042879 10955149331148 
