5091777291635 3930539434415 4871960515346 5083001021600 4220973005587 3564168042391 4519014741180 3827851045555 3360983659093 4602144187421 3498941858677 4001133970722 2967546721874 3870723724359 5285376999563 4305384622321
5687400926085 4742467053666 4958680907871 6411690101102 5762074767581 4969032306473 5553604476442 5456463902009 4568279845843 5580124479203 4287014330979 5494096147504 3739808421255 4126150528532 5997133962766 6029850285629
5326547528876 4756497532165 5316212092840 6343775483203 5837243856803 4967737606141 5180646616817 5123843203543 4353755655877 5401505603387 4274239784727 4682401842296 4216415174489 4424944763945 5684498563058 5935375353003
4280056783568 3189414322551 3777155715394 4561130052784 3907189276404 3721033378699 4065195033133 3636983292637 3083060634007 3927616632753 3045255115672 3889123110109 2885091229160 3249950468737 4243529695835 4034168280625
5233212028470 4136622351895 4477915024814 6157811723830 5767575857911 5398211386299 4557705552156 5182910138818 4740224119642 4856626755381 3774865868109 4826101887210 3736129182602 3729869359106 4862356242970 5500835165749
5474608388024 3963999430039 5142437772906 5959132952023 5227872064358 5131699697426 4424560871175 4193456636030 4374194658393 5173712337419 3722521467663 4246064026634 3566883918585 3988547940900 5260275636246 5306943471661
3681612353329 3363213953103 3568805193056 4424288600299 4114753234389 3464469981377 3398610028568 3542565929771 3070573925946 3818676615961 3020718236194 3552068975705 2599206553965 2657152675683 3861247624369 4524900613018
5415436852250 4130533487077 5059730504483 5697634744032 5375609778288 4925160544888 4676391825644 4880605163307 4218078449208 4910979133860 4025788640166 4862979888543 3392942057400 3660288666724 5484000550379 5619245181118
5339424026146 4572997360308 5090110159491 6381586748964 5741121058223 5102265849121 5114595932287 4570269305349 3957581272180 5348546760309 4167272915136 5045751639636 3795194539003 4259233703940 5376557769801 5827987034864
6421380910608 5077289539462 5919197407059 7113506564398 6309333737347 5518856220916 6019488315517 6167404309854 5230863687938 6160237034742 4829503156204 6061952462295 4687182816234 4784697519238 6769448260546 6580841047029
5185489299591 4407655868329 5026632476322 6330580770794 5672062260707 4982863598747 4830219743346 4969851254590 4468589733206 5271890505644 4528293106293 5094720576869 3853783720669 4162670422477 5887453751576 5697670497727
4373977301548 3544673053993 3613459283475 4682362966215 4230892422307 3726052695393 3621017874154 3492179542240 3454691012857 4261891909861 3429769767908 3928483583791 2552638246541 3248417609800 4126657503724 4434723481916
5718379911826 3936348488786 4963248011442 5979637297852 5406401204428 5019021517368 4996084956408 5126290156194 4384645104079 4999985259549 4149047998290 5581260536270 3561985629081 4222674684990 5580291116231 5493916479170
6653669651725 5298703269166 6098028579431 7374517237321 6432535452615 5923603646612 6265393919151 5434087725023 4978166579333 6548405084869 4739611442151 5945246291056 4400718844265 5231614476151 6702179508545 6722138752533
5300494057023 4075299642742 4747764028501 5707822575680 5335877967351 4485584867778 5074620031960 4743941407604 3832864918590 4696723954005 4401910915693 5040670992929 3217419588144 4246914344984 5591817116081 5373676043000
6888722693229 5257336589016 5863507544894 7495337736550 6373707131251 5838854205653 5799850654476 5675068673157 4778352551351 5806574557024 5048573108388 6403470457042 3741435329753 5080754344421 6244506117334 6453975013693
