9345970440937 9267139954028 7781554945551 9486884099376 9465042012377 9090044749471 8900343733963 9656560479913 9307992700336 8769540822663 8897140288371 8939135910438 8833657853801 9158224557585 8281264833089 8829803044133 9758470469144 8383700062636 9114105947659 9227726154685 8729694104993 8503390107901 8105068205481 9474166162306 9471317631478 8856178589554 8437730515865 9104839152743 9787645600072 7772183828236 8498458441076 9102302654875 
10147756015374 9612139288780 9834451491269 10490154125166 9899192778676 10171399515204 9842791173627 10925950011574 10653376708692 10452047041948 10614752410407 10481252681522 10477068267533 10306042812012 10665484222532 9743471648476 11026926363646 9707788471857 9500865386841 10728774104716 10873320915179 9487111613529 9328126979304 11056815671544 11196620999089 9827020573246 9810634636226 10173395643835 10244303277382 9497841808505 9129985970208 11005953941294 
10501149920735 10097275360295 9758896101285 10786935030642 10986710870686 10901521117225 10515014917971 11013622529910 10440476808842 10934995428106 10212643004800 10973184982095 10764816146575 10330707540951 9811999542056 10305580668125 10794944745513 10403474762848 10332731117757 10748230848140 10591030224450 9798471530337 10035968620796 10668476191963 10736687618745 9511620786755 10056389268987 10492098416774 11344846442912 9763375372232 9585739337298 10839187027022 
11187804334377 11131846145050 10202609219143 11206389346465 11225447229003 11274670188167 10738938447881 11508856898320 11562723089776 11404433644065 11262862494399 11614020614070 10883443806768 11753712917465 10780816235019 10908630804635 11700933373417 10723397808912 10778777947268 10978148140401 11662011007617 10323439975385 10580465060981 11770062456166 11665338445763 10804954097658 10065048313294 11986687470394 11545844587606 10345726957763 9975363335948 11502360842493 
10437048957410 10846742188617 10050425678185 10892414888238 11029347663582 10762857831016 10985543773102 11221748288844 10644804740368 10501633856442 10418628702958 10326801018052 11488543993425 10920401887358 10503942023469 10611429099728 10922417944928 9694352426529 10471034442802 11282651769599 11000500150529 10160040094877 9694432276872 11445376774055 11643685674250 10282437959535 10786090979960 11486028081785 11236630329265 9957542157902 10151679487581 10878978710364 
12237161415128 11467835765877 11501110807172 12085049168017 11988463065377 11868196900599 11122437322191 12598092787876 12663430015101 12478431685264 11637222153369 12191957507166 12119091730965 11961371305824 11413640130308 12032262724433 12259038649296 11689513165489 11205178418533 11396507230333 12012039344540 11127232826783 11107035415893 12218272397551 12618649242815 11129597667267 10956871369220 12399580696966 11619063973585 11694399930365 10709828921032 12179284476797 
12220188148645 12123502352676 10728270388221 12609841610421 12488017738492 12795909037123 11912737688364 12816067384011 12272830907114 12475204081781 11700410515327 12653828956886 12745527950440 12576665693371 11771548799500 12262399742072 12746580479069 11747246560294 11980259834310 12202444890099 12813329877108 11378291228015 11068097517866 13182907728006 13491950041151 11963901015918 11272674411269 13407975254838 12815437483819 12013258845494 10896521269722 12603991785731 
12638954515521 12211171502266 11733178341066 13320253089035 12453117130412 13193005488504 11980103517393 13257132829596 12759151375446 13115438358058 12497860637598 12373821077728 13225446703306 13089441886732 11983777808999 12471628903021 12933505899260 11932922123457 11063979489482 12579367093223 12792054362884 11902199266551 11539929149450 13331917151987 13123457008278 12089082683070 11335292488388 13668168872311 13067983603049 12532683113417 11336723076713 12877307657250 
11319531226424 12169279259975 10860323469644 11892389465041 11861667775740 11476240258493 10884095595507 11901392576602 11935183384275 11888640868634 11625330744716 11780642953665 12417944345233 11895391916829 11141230236986 12006902494923 11928544126368 11202723904178 10697661903865 12449474151443 11838707944639 11845590372955 11096646086973 12499228762706 12226273111719 11330691429864 11139860166844 11878100549722 12124181828949 11912411926720 10568159881399 11748297306543 
10902579504004 11474252175350 9923862454189 11421374151977 11240529964194 11422333970958 10615594161491 11321330693336 10984348577489 11751921664030 10929650469913 11274994160869 11767131289170 11675371540052 10373589696246 11217110080711 10987261214239 11392166546889 10204677016219 11271349898472 11516281173671 10625377137513 10375048241539 11329724962243 11708088026615 10323212780229 10496322936453 11769257970363 11676011350132 11042172506190 9686919379729 11696655596998 
11023465769867 10739947314141 10505034143269 11554600298530 11378374739222 11368396892340 11341192744129 11606699721611 11809270113075 11657563153316 10814850900176 11589463167796 12092276821671 12075731868529 10055712940793 11334751197805 11144671429556 11212019715545 9927289798040 10905636089646 11264740259300 10321498210177 10300335043764 11466535935108 11418749728463 10730104572334 10000918702891 11955841007097 11632716102088 11378776607551 9573806339602 11270670617765 
11030744507962 11690262307412 10640648225738 11378974742758 11810833117342 11427943562309 10330288669978 11436225229977 11743209076376 11851986596183 10341230808889 11533054272666 11846698573638 11613321574736 10388129938665 11485918008027 11016934641299 10580027111940 10725314996030 11492324788500 11957459183605 10832231453156 11224787507081 11592908147753 12000167211130 10970261251514 10480598184628 12034735091373 12382979887428 11703661469233 9625673836113 11689766986652 
10611761203893 11252313467474 9742367655562 10822964856788 11340076568168 10466751744567 9816595761952 11199764348496 10610601424591 11837576301656 10245819314256 11477239118768 11162941056632 11372643849334 10621542463230 11114366328803 10699985796998 10785527001164 10282187156683 11436865173409 12141902444521 11006712721631 9893436437342 10493236969784 11546883377198 10414104256392 9918286584320 11592199393903 11411578254782 10376728754668 8988809113528 11777650692148 
10703175284029 10482121712578 10294395702300 10706287456815 10473568221140 10149147661971 10357910647436 10803624710993 11070869542195 11214096156559 10690608403952 10845766813535 11463784438270 10521787407555 10472902979087 11337440820466 10598465777916 10799476156763 9475157560978 10968173391009 11651690999170 10404568783013 9628899632996 10471991823187 10751454687972 10374618225908 9675848273640 11941630068942 10733238410942 10354539888793 8914819946182 11332403271263 
10301651457225 10340226001838 9872165003551 10554741670152 9550875550585 10305036089174 9442071981192 10152649205231 10639178272697 10803846677437 9540498146467 9325888150642 10521121701030 9485684496143 9534327079089 10335576151229 9791037927153 9364455285763 9085703103488 10337787832968 10504307965918 9220622063671 9708075075649 10197585334986 10627023878709 9796813552373 9673303559230 11057689509438 10447989919427 9673632048823 8726588003583 10287440214131 
10780031893934 10398520900842 8892525325845 10283393985203 10331642499736 9859654396003 9056508443107 10577742155599 9890694966752 10316009710811 9116871887568 9786742133084 9742755625104 9849615145903 9820371505617 9721206247165 10084537270930 9578735617709 9813728633103 10514889319478 10015889668160 9622038570465 9052602437992 9606500098907 10636670483116 9722905365427 9252334190129 10004765294707 10529619111755 8825026613794 8472323550417 10553708056947 
10412691504112 10786436784597 9900615431924 10702161536327 10283269802556 10292672936899 10021265538079 11468183642740 10865452751943 11250896799167 10653641680480 10570847138050 11049225037718 10728682534839 10745907158914 10133370929110 11326735905439 9918046323845 9403942653487 11422610264442 11493526302899 10307570981098 9024431740831 11018981011880 10897809518106 10518828306895 9762132621100 10693735631429 10335385053882 9619340157076 9447286291897 10923097404559 
10711723211221 11111082039177 10047828465268 10682764305601 10712399446775 10919547701881 10018064775881 10794022155161 11006586837865 10850904869506 9643315829929 10118268586973 10944846507753 10161895668566 9782083531874 10859427779624 10529842566904 10183728174677 9908206624137 11234353727367 10707128200344 10353461497491 9714027447637 11051744870822 11133215746566 10573076445265 10671844489957 10876174239394 10885854500132 9828619154900 9697362733417 10606326116296 
10770903283619 9845323481818 9547628919267 10473946703827 10642179585087 10768836946629 10265459991647 11273663483554 10176745053132 10764384321452 9817249691089 10951863967187 10338956301112 10994289615182 10353374690082 10075406429030 10896625552967 10423752340577 10190223128134 10386250279891 10618445873040 9879111177676 9409749241830 10425708095015 11390631134976 9670006674371 9165044539355 10579239929549 10849424129945 9449274317482 9037143802332 11365994932771 
9527956388431 10644506995545 9951701434255 10407364668351 11023680370096 10930581794676 10145658292465 10634769606097 11163557281959 10829779583783 10547506805350 10552898574270 10459097831595 10658924155843 9667490772689 10117965431851 11282803477281 9203262501795 10133607728873 10919739184394 11039737163173 10232480641783 9817131476050 11329759471318 10735170585938 10445027113815 9801785151980 10758108280239 10317385968675 9837618468373 10154095716661 11042726118505 
10661138962254 10066672840215 9413100003488 10666164454253 10696882698472 10559770276146 9359867170164 10540193079468 9801599450367 10853868286729 8878607988623 10790023702615 10515019963327 10606268513450 10393652961977 10390842719240 9827021600556 10282708803382 9969267330038 10205697294651 10655518786660 10136376855832 9318433883347 10182340930451 11332284946431 9652819849626 9994888264559 10473033738667 10270880594688 9581615340233 8774961444746 10564513073109 
9545439355773 9775534087756 8631286882100 9694635333895 9779873977973 10697751409783 8890777326117 10270314723942 9377901202044 9850904136134 9372092307389 9699952474981 9812511515576 9946813409029 8813593767822 9253599975226 10338338635146 9377054926587 8809902814985 9825739498860 9803307149049 9330498174956 8552281020275 9976368179189 9615009464381 9289050050699 7636124240468 10228322150217 9502541432073 9499887735228 9370663778906 9888739002162 
9528309437674 9628076991324 8719688208259 10176724478265 10142842163085 9756576948563 9011913403836 9619545074992 9913326322586 10490832573984 9492066288706 10181308073115 9764614951476 9948895294977 8906796373150 9704594914894 9977595905993 9562823184894 8994496967867 9415737626038 9894515666600 9953975434310 8740910261589 10566987746707 9762369479713 9393504399728 8832341386756 9870146949990 9919364524229 9628955247966 8642324359001 9791050689584 
9683098768116 9192587550584 8455812219639 9798917576300 9661160317422 10141946199568 8929107059417 10183552225925 9167397799182 9644316724885 8824636566485 9814908456999 10084967486734 10006588867916 9593399779466 8774979996991 9752038317162 9526816334408 8707900338358 9449576530613 9863142472408 8526274245305 8472315279114 9474644509995 10203836047525 9127592940056 8508347833330 10584431292585 9712570843911 9481407828748 8172687317978 9922023141137 
8856333550543 9634578418037 8135151395944 8990602759724 9964028324936 8936187762107 8952473709964 9604308842548 9592002326418 9512685838457 9156686199985 10152997014599 9339551207266 9535220711450 8481111421060 9164943124422 10230853793186 8910474098177 9005464945195 9545858262672 9611509494706 9491249443655 8691930911104 9950450658562 9373533295734 8753800024328 8254561578974 9785843987950 10077086741910 9098190845593 9007986082505 9534173194748 
8191462573403 9118929579452 7737617906532 9209738651313 8363965684887 8929911230108 8214288902063 8328188065238 8695569431975 9492637793292 8180012323277 9378466580329 9083737366489 8979230574726 8271354682506 8607924292930 8388855914061 8712667212040 7828365348193 8543912279764 9368020727446 7910441868495 7836288177297 8820797479812 9036041298821 8328524256228 8638432178043 9632337462081 8987019373303 8330219844428 7628617458702 8976631680830 
8771667936944 8403452214884 7922525988871 8285710631454 8184897212130 8247001768842 8357848716833 8650696628133 8918360619218 8624414880346 8537591515273 8327207998584 8586840444756 8804580250971 8346982768988 8485857786415 8630895717186 8584115198595 7621551866914 9173673244693 8368931588338 8172876246604 7821274559904 8279448332885 9290107861858 8566431149326 7480991272104 9432295811217 8488316004767 8063536391237 7445229673473 9069394104020 
8413265695255 8732267696000 7318580374403 9025072971274 8260238511931 7737357720770 8509724074234 8354809790154 8523618308627 8911063606306 8105288824933 8151971194116 9021684766002 8129156615151 8006749050957 8375727849541 8602964389577 7847249693268 8016556400846 8282899442480 8242905301198 7724686510485 7530417263032 8144390385323 8625304827034 7666999538471 8285986857376 8573888471863 8848070997703 7864588252643 7225042040487 8588344577944 
9120372594876 8909275720707 7837504566625 8531913274122 8622473832329 8565697125541 7864792286104 9641616214452 8600779550816 8931093901073 7969086523602 8733439047450 8965606124814 9034139783706 8809976799270 8116191615542 8876943186874 8565633186763 7876261579240 9421507445553 8854705631833 7676820858168 8346898679097 8234067441994 9323097562047 8299163051309 8436813629579 9296122208745 9744872646609 8039493243971 7552151950551 9507781664441 
9252738867196 9876195577709 9028122212300 9410288406597 9464189379032 8624339462498 9107955634324 10211560701557 9985979319190 10134823158259 9193885690269 9515620259629 9467433165041 9693428924216 8826887125868 9260040200859 9927666459302 8744573047191 8533954453284 9732911050271 9793306579082 9274618604113 8049597307186 9995263863935 9644581600352 9130673573743 8634270889653 9696235929984 9598579899053 8778719624451 8353301498569 9471821014214 
9272410361646 9300971894589 8360478582305 8710150621709 8991384338969 9008920248216 9033889248621 9072114609843 8865718889610 8917826690378 8200744123852 9295713821275 9782589122147 8738741797278 9388443627997 9109281557136 8885650234571 9000835263586 9009700944875 9420551392209 9388619135867 8191468520206 8279971895344 9229479420557 9796930356566 8913686641216 9287115395477 9924068673702 9647842072623 8871252549163 7792487403134 9595595536160 
9366764429064 9036104391120 8597308242948 9037999300768 9180486642226 9248086104170 8852769604921 10223666397606 9236135753496 9711551726560 9554916985273 9025978364329 9197355621653 9891598842887 9339492153625 9173484786695 9788069768995 8780765497499 8540426753360 9197921632859 9590566071092 8968148059343 9035978762866 8860132682645 9799578104552 8097866586661 8195196540261 9943449229664 9688067971116 8155530694918 8653187016142 10273971101157 
