4805856818467 4976568400193 5249492241713 5608580903842 4760446009605 5632651507265 5772868548015 5993991127442 7306497855171 4574690437572 5690311925249 5318983250180 5232449941566 5690734335606 3549817667356 4316226705330 
4631048596640 4475159969868 5571668511704 6513491782840 5776931777275 5496038128083 6104422285641 6377468518105 7378610443463 4967276939110 5674324710989 5876355786068 5525404790322 5709701501302 3770290110751 4486313950949 
4397598072506 4280026524114 5165667428979 5301443046999 4409939147419 4713629271479 5550780173341 4994771726705 6292993762573 3980229623287 5606366012834 4764197202147 4791742983616 5335200771060 3227537466581 3806830258870 
2817329985866 3865305730769 4630491265603 4651546258585 3386172953952 3557300701352 4266957479147 4364314568328 5020965971100 3150619851138 4415254642455 3362878274140 3869818258089 4762018582609 2434244569631 2973028358876 
4653043222962 4843820089021 5077339421481 6217260654934 4448784610660 5209030596223 6196822622450 5010351231201 6455807073301 4311226941664 5177932051219 5129355083135 4957240549006 5369947760261 3590596289094 4451766357716 
4156756623524 4533753077442 4867520629781 5823620894753 4607805786456 4796066041122 5580626447295 5085796865872 6103585681423 4413800613382 4802720960921 4753341183807 4690681716889 4958078307478 3027088125162 3540421299370 
4334643725763 3969562998539 4290860701801 5104074312089 4285332558480 4765503684620 5200055438545 4606536183692 5392971852615 4091630350811 4986294033127 4678626379285 4203807622842 4355852583612 2772807343557 3705668713540 
4151050590457 4080195515696 4019556091185 5319135655576 4678564951526 3629657959266 4903631407374 4338609955549 5256329950797 4281726477843 4982093695171 3873588795408 4849814880765 4282698169249 2468892514251 3098643373902 
4499242436959 5220702514195 5398623748976 6268479829208 4966181329966 4966953870163 6435958040613 5683844136223 6573974746531 4359492923082 5699530151053 4800693070827 5049753421466 6201128708263 3550567112620 3996487653994 
3477846351034 3762286668390 4173120062907 4787383109391 4206961162050 3654379260645 4443289254474 4411424970389 5540154015663 3389914955299 4453768579072 4063940079109 4435771782679 4104248939774 2780465022170 3066776408302 
4733267707374 5096384945160 5600766910719 5866388478733 5081215463328 5550996735943 5795147479439 5796406649243 7324307676041 4794271264883 5716955179731 5293828472260 4981568719177 6101523118795 3226942125623 4610799702254 
4240278773901 4599182069416 4994638394199 5963299668027 4883740477739 4835974611783 5685618775714 4829475249401 6541509747239 3785342533375 5239778331806 4843150979042 4947409389622 5288046180296 3733353967433 4043024820756 
4068074416875 4456737776381 4436134460585 5690841808168 4125332400638 4080547112859 5253351577208 4578051624483 5440510976582 3980967453680 4814844559505 4145871904856 4642899032179 4622432180996 2789496761471 4055564746694 
3931811998595 4027849987287 4862882980981 5315841835974 4582754108656 4429697407817 5393425752981 4693977235906 5722382651732 3814919526424 5074947189603 4497746355718 4033209737840 5661512244546 2966713326285 3951880555126 
4542072194142 5316840199156 5510815295865 6736846032307 5143612163994 4851752110067 6721752735904 5471615045603 6488052718641 4619728156534 6037616237087 4942290696717 5813012040719 6424463783642 3887239894274 4089242459555 
4736356919697 4898431442812 5326145922019 6270087492574 5167925442351 4996913602136 6185472789177 5602162698739 6668474336157 4309767891854 5958780946208 4913818930096 5026435473660 5653457284243 3272718306250 4522911175278 
