9489622341300 8485640018150 9264876206265 9321480107840 10013584117433 8735751176403 8704129047346 9561876080030 9385285904513 8970415587906 8913324688636 9949029718001 9200255831311 8463322133585 8806116952767 9128841835150 9835901466051 8668632311627 9082112142633 9662944510729 9316734603370 8189849005694 8850079802997 9482014937888 9088868954674 7733097725293 8456172966360 9302451310705 9690254567332 8667901646143 9144780049812 9293532148867 
9521181603357 8823938536837 8491056796819 8334973272421 9051731784525 8923157928665 7877098680402 8495215398764 9285234789150 8545041686443 8111815570274 8732130579484 9005303228027 8596023309761 8129319996700 9437460212652 8647704918807 8013492900215 8502668755259 9243611482025 9557075759747 8079623412861 8139841840155 9569909984142 9151734514445 7999629941381 8425125106257 9467226273483 9459525677755 8177252720670 8695486521745 8529651039021 
8537716313573 8420018228843 8541197307002 8745796279296 9010074593662 7996225508747 8250301293411 8507287598010 9428573179190 7833293364280 8062192134616 9009379890126 8843714193804 8114632133624 7955198577337 8359193012338 8565586763518 7927734643189 7914088480985 8795274541805 8326934781563 8520804739431 8503015572026 8927563908586 8805604746226 7598843340345 8785165535657 8609141866331 8949863993526 8598600357375 8602145927824 8559929341786 
9199188034218 9375017748407 8680873415553 8302902211142 9809514761246 8948278656441 8062853277255 8705260177981 9261723206664 8403391526770 8887767231819 9445242709445 9079022010804 8526584355600 8611266906031 9263726592892 8689431957722 9128392074737 8791442750906 9807027556708 9791747285027 8552980339137 8175406162183 9361508033186 10173074972668 7967984083153 8333546771983 9862940214400 9269583174237 8512501053258 8613996851077 8470076381556 
8319893459539 7057239127807 7722475113849 7656054861239 7933897669859 8085030188519 8310762638517 8029768869000 8356941572766 7769413008632 8651174887262 8064359449548 8204878632638 8185426543705 8026580769726 8242695870779 8627410269924 8118395699392 7591349083492 8040104912111 8670534692634 8655747152767 6991251944872 8337270980516 8476444390259 7457649295044 7354848862655 8173074984652 8666607567631 7790523255898 8000720193305 8666131465750 
9411914088924 8367590443319 9367924246769 8622601790631 9756305871488 9122901608258 9018169583053 9918505535664 9671574208513 9350449237049 9706520144175 9551498059892 9023461772003 9441333481026 8508530014308 9627818160053 9102904707143 9656499703966 9009177372217 9100886263302 10345152994227 9453219677245 8236347884239 9706827194925 9600408435846 8300117775971 8766432829252 10181476742657 9949324464815 8565683297581 8829421154805 9510110762165 
9604368498760 7860468239696 8582874944882 8000299374368 9188255732988 8383701211632 8025305835094 8717645808616 8723075921565 7511480176130 8106583075594 7473211026627 8589417932290 7995009358833 7848113260281 8674283008829 7968638735640 7425764507266 8304458865329 7880390798826 8852247448154 8283570098207 7693821713823 9478695087764 8508540817326 7881009817314 8623157463893 8659355065977 8522321844390 8470564497373 7826279077519 8443425062953 
9034249809990 8184015036586 8179925696345 8249965770925 9240205191121 8210940694543 8472360278450 8643107470061 8756591111650 8143561869553 8523035286688 9222023619633 8969588687671 8087135278817 8653623588655 9144854740202 9719047122680 8238167923425 8966984258961 8764865434021 9342691588777 8851534712884 8210310695981 9411596202249 8874749629910 7310082654888 8127252485822 7960703079399 9460317928960 8060069206047 8060608427847 9057338154614 
8229286406933 8182135370226 9039535224533 8186298574763 8578395384826 7503427276062 8040870238967 7140081582638 8883653499623 7897809899603 7244183638729 8467106042150 8537139230930 7609136484746 7059060851701 7981272132987 8264460881942 7770148485877 7567890139508 8121618197840 8289778175666 7414502500011 7636373346053 8307040184146 8128210625210 6991460924188 7937129347241 8600907404946 8982785777879 7850238590457 8176901444793 8554702912788 
8735390251111 7686112847449 7856578095929 8239930758765 8403246053171 7597471586397 7305996381465 8490768177037 7901339887142 7575886980236 8558283043645 8488686763733 8582141268834 8299096444735 8169763381894 8615117695679 7990830454546 8451263934750 9097341796283 8925610290584 9025147026190 7748430704039 7526673649801 7695603686117 9429670211109 7529435942979 7432927762464 8975055159756 8971938325824 7826750699095 7565155567228 7675371575785 
9641645981217 8015991412905 8325771390520 8698702435635 9404591328852 9046129436225 7932103392346 9591808377300 9447733506040 8828937411118 9177821875557 9186876339621 8701580077970 8451358219763 8622494455989 9316567661543 8632088323583 7945991213219 8739005492186 9265932754648 9599671815885 8361324760296 7542987300157 9755729292426 9276481160742 7887652848517 8446319868461 9597564981250 9792036088958 8431311281246 8809005781407 8994150214952 
9132230771772 8599032305908 8025116240954 8495813462684 8658376225756 9280466170750 8221143309953 9148603770364 8483743932601 8954416401179 8701353490003 9154782199969 8866513924436 9112479384225 8778699847921 9185811572572 9215216028544 8446204877435 8283376727964 9435989666544 9136223369243 8895203413735 7673273589780 10103634517732 9647492492295 8207537212890 8712639974018 9248057420814 9415823127388 8345652645180 8810389495834 9356653131629 
8845193111337 8076922208697 8484331632060 8283072277683 8946279047011 7983193701726 8624169961718 7238122077247 9458133293922 8559696626129 8022563433784 8935951223628 8250776031166 7482602898140 8173929440728 7832816972058 8346314751699 8101628213578 7389497475565 8413753440105 7912720084344 8657607735773 7664243003363 8916062575626 8067992399362 8191811442822 7842435659422 8654645145931 8884529184959 8488547288887 8486614259749 8906127593690 
8895199692849 8710785881294 7614138315171 8640976315798 8791477227587 7667115414338 8208784674759 8015727446842 9503913646042 8077274393303 8185740379531 9363140840726 8575082095193 7823899539515 8498603382957 8443952969369 8763636957270 8633258380549 8109059877655 9043410700953 8868867306183 7796248919186 8363256210467 7740193826408 9525325030255 7786263733809 7909843279784 8829720524540 8699683424174 8080276555762 8348384547128 7696609248677 
9058674339053 8269188945570 8220278657327 8122742601143 9307390525483 8744507555035 8817443290244 8317153475631 9468949331498 8628329568783 8413213630357 8719124701523 8438580179926 7854817690914 7657262628570 8390315608104 9087002658664 8918299340664 7489603862398 9273459306684 9499757033386 8417926994605 8399291973598 8742217456033 9614993680968 8154855545921 8334458433280 9925472958440 8892516991408 7781246891711 9008900362001 8659925640775 
8541989373908 7071441252986 8147849131574 7884901791192 9131476585887 8289878326917 8280147295269 9051761677887 8276436653273 8216152591150 8703465917676 7839782352750 8101611808176 7630621628566 8235677745562 7753963333371 8603207716692 8237901404383 8355327912656 8498648214009 8922464936706 8485730515089 8293347696593 8507918805477 9482654369450 7860301796321 7862784944320 8627917332483 8952911970929 7879638361727 7409324929739 8261730046773 
9186017356430 8014005840971 8205685189028 8327876415416 10069458277148 8670600730262 8133935775926 9557626495136 9373134167684 8010501551737 8709286532031 9897346726857 8232491643402 7625712949647 8836738253422 9536610673594 9308898459710 8003598804827 9030037301974 9281417158291 9752667629068 8925295150037 9259071976992 10297268087437 9333093355385 8307362432123 9097181979680 8534837158088 9854985829811 8648800620079 8810620961775 8754029061528 
9117679637781 9587668480688 9561620605561 9701749226405 9397901212683 10579817582700 9195008513002 9850959178073 9991998029640 10100104860195 8874390256841 10415425962147 10096047215189 9608313020891 8723397288974 10672728553449 9998652367586 9166037285914 9100124275075 9971448401190 10490762377994 9233837390681 9065127192950 10835861606997 10497105084176 7907192703090 9503090889551 10668687308465 10318159855598 8801684406987 9603379963659 10485484566319 
10290097541267 9294174445151 10101050597799 9367616895573 10240973625292 9952026225357 9152009094369 9155927269701 9922821763069 10402555157633 9335676254849 10086867047253 9318042025506 9573044517800 8875030849275 10082898018480 9172078560439 9724130861860 9455999529987 10315254287596 9856156719544 10846509480102 9376354819866 10557703260335 10306393042770 9641808490845 9219103926462 10672409502974 10886983929965 9927464325877 9306523988456 10560433471021 
10822592649944 9549496669011 9619964572628 9913415904943 10207243610039 9981254740497 9981349605514 10199817851040 10652444159418 9695767347072 10705475830994 10673001842608 10814844610501 10086880192206 9913690760089 10921288931660 10240362675935 9754643619838 9938089474556 10317053865081 11016151758586 10561382785629 8954572194158 10166870583171 10235205070181 9898829439484 9454518632935 10586699668415 9901229181718 9859602852803 9541561908250 9916917959125 
10956923915492 9645987120151 10554477404871 9590386958304 11042482599138 11212835447019 10176796630976 9536040672807 11083327628146 9839747645226 9807329479540 9914866785307 10722574058727 9791141614811 8553556018611 10319801258195 10566884607254 9681868072917 9387842988451 10431886844968 10599630591593 10483808927303 9642719570738 10677708654414 10593234643687 9558830274870 10308111755704 11058584075595 10722994116404 9599040406152 10273536837534 10878359540464 
10308584453608 8991843567806 9877368486382 9733708679114 11011843062199 9636681603828 9735873540321 9983775709782 10761478171005 10061239664448 10635247452890 10176741948190 10783000869453 9563319110826 10087394900475 9997866591026 10393581186513 9604794126681 10628660025996 10050318103496 10986700802499 10941239774746 9658899410218 9834212004645 11440561789996 9291647185815 9315279578514 10070429666074 11064065191125 9696194469318 8650283243697 10000996448834 
10797027960811 8809214678048 10273552424933 9223513288297 10967437386730 9575362699636 9096695678978 10284327147130 10270363438376 9036338841850 9941242055215 10558552417522 10757349060599 9505501892027 9627003117560 10662064393740 9910252558089 9569944382284 10166121092483 10391630891384 11047163634687 9686589454204 9560751055553 10612498275234 11153565679732 9864259208028 10329181379808 10582564130574 11399106189855 9408626135460 10285294903121 10053477905508 
10925934276348 9117818088772 10329346774337 10343936592686 10192691852252 10063024846074 9985793290426 10576508836332 10259216446482 10172016160892 10528392285560 10205238555715 10651696458771 10425755808653 9906180334252 10783411749888 10525438993164 8943401642429 10572616066697 10001578612271 11212943533950 9655143478497 8731240507715 10722051800178 11071167899620 8988183960448 9822551073777 11162709161282 11332247694604 9594225653352 9918148542262 10738681777915 
11165215804289 9607805659360 10173867169302 10798597017139 10944063713951 9683726543590 9829882052483 9944772912716 10630225295182 10106334384166 9717537776073 11043068662596 10063769969309 9717657997281 9975688332840 11168042530500 10417940189806 9151679028761 10443325221792 10736690482634 10328931760320 10117986310840 10157271140154 11350755428194 10439420712795 9741043716600 10162217126940 10463998798249 11563424857262 10019885872536 10141196107397 10729924188856 
10443082773729 9824203252799 9148122479444 9898121749969 9967032264790 9726989567029 9908352269525 9357145525166 9864048260634 9616461518527 9737812810501 10085190437294 10331755205089 9122927997835 8992733662120 10335220829519 10221461500747 9182893467788 9240205328165 10874299369297 10171102160236 9112063518564 8703837261922 9795702833696 9876630226988 8585759025389 8867519230705 10333950759883 9997199010472 9249337282138 9775533721060 10401570224123 
9988331621443 8521680062954 9522391558633 9610083301248 9817719314183 9240266563082 9324142090864 8988951333854 10332526950615 9705064752987 9275155111279 9821102466550 9114524847722 9313889992240 8599479088843 9037634936988 9552274043798 9523936826839 8546987912365 10034107633351 9392262137828 9247903847650 9209366985920 9339428801667 9582585679014 8839746292311 9003599497633 9840589969696 10430478952624 8433699177967 8921104264196 9937790723750 
10174920291323 9356779079090 8327256113033 9236987138340 10429714167630 8704370605934 8706475059281 9797380917415 10333452441488 9304229044181 9147239541647 10082547106355 9683546473734 9377222578857 9562743376146 9407538981187 9632940769740 8900529294471 9574476691918 10399873759768 9927998103615 9365372086700 9437071525147 9858113436786 10635846961213 9241816678026 9016085998945 10165445727160 10120097858231 9118773069941 9013040616061 9131101102370 
10071006972435 9330591736253 9547715267571 9348487907937 10667781250228 9936644457208 8897833425091 9753735448487 10239831956613 10030667911431 9327756542384 10613527849006 9190678293606 9547494736871 10043338741028 9629519101469 10496638112886 10210008402794 9614336879386 10409507967806 10666555608531 9195631908810 9317414179403 10842320010999 11204944635780 9255350325340 9106403104842 10772081298441 11298175555445 9783929320602 9906044918847 10200355569165 
10095810927350 8312224291987 9134651660809 9247432844348 9772406334046 8536850732856 9353996879605 9559337856513 9656688908790 9280081531463 9455694903406 9292979450715 9443503277432 8975696596238 9513770952676 9290885765137 9464115733366 8952011018390 8917053146294 9114370396710 9921996544770 8984909223476 8811923041514 9619044113877 10027952303573 9255890281147 8913888359305 9929768027840 9625006978720 9511463937163 9710163653698 9325629882826 
10197902660659 9309261097220 9428270530308 9629668605536 10172631707135 9445361871204 9482972511507 10084877842392 10248596712419 9046861011574 9323331838720 9929659096661 10312909769273 8783888938652 9237456912071 10371175760541 10751426980762 9067212236878 9612095438322 10406546967757 10106233736812 9265075696877 9646054771107 10403644251929 9897682574630 8814888038263 10061397573540 9761702269598 10565237596578 9732450793011 10078329552681 9698691400054 
9368855337004 9609817305735 9975093301239 8994148926073 10652514178012 9759323998333 9390600923844 9155216797074 10184487269827 9220022573178 9589279840311 9642738225207 9804641952337 9343449670981 8676905456952 9945922882676 9848047906153 9108598941649 8952991810783 9927187590597 10120037982995 9168598036648 8925380559683 10177182927644 10333431800047 8421415758669 9154392735101 9822917646235 10431583121934 9004612689107 9276794610990 10002918921067 
