4519145299542 5478966624465 5429967477809 6470648302912 3970216351702 5934549426812 6140510259133 6312762941792 4471517088960 5849988774669 5704446354565 5770382210621 4049252471681 5211602530548 5581966472216 5694360152636 
4553890409757 4983702979532 4798350449990 5225832402421 3614164829948 4935482630570 5281228601852 4826751159505 3553171716745 5081246457556 4759536590238 6001334054864 3975695767363 4950579020907 4722650636171 5522275604240 
3485850558634 4185894935004 4263677473443 4876286948418 3191535230135 4819599586811 4454656287739 3945756242464 3034428589047 3570357496329 4180887753452 4579858598511 3150231634217 4287175952824 3770315950771 4071372346396 
3875760663457 4034452729836 3503916612285 4354632228383 2978061095323 4308173992708 4252754068440 4015644773914 2912087141321 3679900772003 4083129454137 5692249094564 3238628443506 4615843315236 4135839200435 4473216906380 
3751859821602 4346685427700 4000542190838 4737505944993 3108693538641 4480991720421 4841672017625 4589544551559 3401037474889 4140050478857 4392511513307 5111345153455 2816277191746 4583307999803 4618441017290 4655213074598 
3303523060021 3959695384112 3961121392875 5004517606570 3020059379607 4843948490909 4555702342698 4734525417260 3495384958595 3663802666928 4376899016867 4884937319170 2839308478247 4732386681340 4542980714859 4466010932305 
3503997971102 4692529533754 4486974553547 5180150509649 3662131249160 4551269154446 4327194709766 4250111800759 2684822615737 4098749667878 4680363910918 5230004929017 4194462419753 4774789437532 3927107758646 4737799186001 
3544242087267 4432155858426 4042540993831 4793414783433 3141935430175 4367545547111 4895848674090 5041667016027 3680374274917 4709057590179 4732856643361 5161613126918 3289496054737 4820549228513 4875631702086 5069766217828 
3816910516951 4647036533761 4613177294304 5218613043296 3404576308306 4878326444727 4755497834718 4962124409254 3384882706060 4904316799878 4631650014116 4967696072381 4080346497754 4271468801014 4038983220298 4697689303738 
4129528192705 4823068587911 4038394882756 4995637178827 3437188857513 4117269119691 5055029211898 5364802001948 3544019052866 5454071732581 4843691048356 5568183745538 3554614684006 4613722121409 5026923425447 5331825411794 
3279328597760 4639566217963 4990121381748 5517305391367 3417535643684 5044159056360 5152608357522 4968345601191 3915485558991 4745444580502 4593110766226 3976287589643 3222488763827 4183160330786 4242056547712 4770291988723 
4162517480842 4779324947630 4665122475997 5480933069511 3904220740957 5045016501904 5177582571489 4736217423210 3531307023684 5303809122508 4864510789127 5723496690727 4056408417733 4725886327855 4693059715350 5256210082681 
4338069752249 4752890673178 4216524379971 5324845875514 3596736911339 4802102919732 4958246961866 6147485970337 3929227835246 5790268514808 5135567698281 6087467304138 3880376691341 4880613136995 5440544814376 5482158427257 
3799806364867 4729736391559 4883415187852 5201741773381 3085992671032 4603357546512 5072535076305 5272348434096 3618870556495 4905811168553 4771872046060 4821528389743 3747411678241 4417834251517 4192464579136 4924895611304 
3532834366518 4859175514313 4504253900680 4999956890769 3568835703253 4332632172315 4898413678166 4540937458097 3291039563100 4623313344165 4629145731357 4785268445863 3402958753018 4617472302565 4528995070714 5113466663786 
4069533817446 4451660734107 4452052315902 5025033559864 3107689617077 5026282821604 5244923938367 4553346590633 3872582848296 4599337441174 4398211467214 4884946731247 3183013317403 4366222102245 4191225384164 4341759283618 
